#3
-0.977-0.0502
 0.986-0.0502
-0.945-0.0502
 0.886-0.0502
 0.785-0.0502
-0.909-0.0502
 0.621-0.0502
 0.489-0.0502
 0.589-0.0502
-0.877-0.0502
 0.219-0.0502
 0.123-0.0502
-0.845-0.0502
0.0776-0.0502
-0.178-0.0502
-0.813-0.0502
-0.347-0.0502
-0.443-0.0502
-0.543-0.0502
-0.845  0.484
-0.776-0.0502
-0.644-0.0502
-0.813  0.516
-0.411-0.0502
 0.954-0.0502
 0.721-0.0502
-0.744-0.0502
 0.521-0.0502
  0.32-0.0502
-0.776  0.516
0.0457-0.0502
0.0868-0.0502
-0.712-0.0502
-0.146-0.0502
 0.822 -0.315
-0.744  0.516
-0.511-0.0502
 0.521 -0.315
 0.753 -0.315
-0.676-0.0502
 0.356 -0.315
-0.712  0.516
 0.822-0.0502
 0.922-0.0502
 0.187 -0.315
 0.388-0.0502
 0.553-0.0502
-0.676  0.516
  0.42-0.0502
 0.854-0.0502
 0.753 -0.616
-0.247 -0.315
-0.612-0.0502
 0.521 -0.616
-0.443 -0.315
-0.644  0.516
 -0.58 -0.315
  0.32 -0.616
 -0.58-0.0502
 0.219 -0.616
 0.187 -0.616
-0.612  0.516
-0.845 -0.315
-0.909 -0.315
0.0548 -0.616
 0.785 -0.315
-0.311-0.0502
 -0.58  0.516
-0.279 -0.616
 0.621 -0.315
-0.379 -0.616
 0.653 -0.315
 0.753-0.0502
-0.479-0.0502
 0.489 -0.315
-0.543  0.516
 0.388 -0.315
-0.676 -0.616
 0.457 -0.315
 0.854 -0.315
-0.612 -0.616
-0.511  0.516
-0.776 -0.315
 0.489 -0.616
 0.123 -0.315
 -0.21-0.0502
 0.256 -0.315
-0.178 -0.315
-0.479  0.516
0.0548 -0.315
-0.342 -0.315
-0.411 -0.315
 0.653 -0.616
0.0776 -0.315
 0.388 -0.616
-0.443  0.516
0.0457 -0.315
-0.279-0.0502
-0.379-0.0502
-0.644 -0.315
 0.621 -0.616
-0.411  0.516
 0.219 -0.315
 0.886  0.315
-0.511 -0.315
 0.553 -0.352
 -0.11 -0.315
-0.379  0.516
 0.155 -0.616
 0.721 -0.616
 0.521  0.315
-0.347 -0.616
  0.32  0.315
-0.347  0.516
 0.356 -0.616
 0.219  0.315
-0.146 -0.616
0.0868  0.315
 0.155 -0.315
 -0.21 -0.616
 -0.11 -0.616
-0.311  0.516
 0.653  0.315
 -0.11  0.315
-0.247-0.0502
 0.553  0.315
-0.443 -0.616
-0.279  0.516
0.0776 -0.616
 0.553 -0.616
-0.247  0.315
-0.146 -0.315
  0.32  0.347
-0.247  0.516
-0.279 -0.315
 0.288  0.315
-0.443  0.315
-0.379  0.315
 0.689 -0.616
-0.644  0.315
 -0.21  0.516
0.0776  0.315
-0.744  0.315
0.0457 -0.616
  0.42 -0.315
 0.721 -0.315
-0.178  0.516
-0.543  0.315
-0.676  0.315
 -0.11-0.0502
 0.589  0.315
 0.922  0.347
-0.146  0.516
  0.42  0.315
 0.753  0.347
-0.146  0.315
-0.877  0.315
 -0.11  0.516
-0.543 -0.315
 0.356  0.347
 0.123  0.347
 0.954-0.0183
-0.178  0.315
 0.922 -0.315
 0.489  0.315
0.0776  0.516
 -0.21  0.347
 0.653-0.0502
0.0137-0.0502
-0.411  0.347
  0.42-0.0183
0.0457  0.516
-0.479  0.347
-0.543  0.347
 0.219-0.0183
0.0228-0.0502
-0.776  0.347
0.0137  0.516
-0.813  0.347
 -0.21-0.0183
-0.411-0.0183
 -0.58-0.0183
0.0548-0.0502
-0.845-0.0183
 0.886  0.347
0.0228  0.516
 0.689  0.347
 0.553  0.347
 0.388  0.315
-0.311 -0.616
0.0548  0.347
0.0548  0.516
-0.411  0.315
 0.521  0.251
0.0776-0.0183
 0.689-0.0183
 0.356-0.0502
0.0868  0.516
 0.155-0.0502
 0.219  0.251
 0.553-0.0183
 0.489-0.0183
 -0.11  0.347
0.0228  0.347
 0.123  0.516
-0.247  0.347
 0.187-0.0502
0.0868-0.0183
-0.347  0.251
-0.342  0.347
 0.155  0.516
 -0.11-0.0183
 -0.58  0.251
-0.443  0.347
-0.644  0.347
 -0.58  0.347
 0.187  0.516
0.0137 -0.616
-0.744  0.347
-0.712-0.0183
 0.256-0.0502
-0.676-0.0183
 0.219  0.516
-0.776-0.0183
 0.922  0.283
 0.822  0.283
-0.877-0.0183
 0.288-0.0502
 0.553  0.283
 0.521  0.347
 0.256  0.516
 0.886 -0.315
 0.621  0.347
 0.187  0.347
 0.621  0.315
 0.854  0.283
 0.288  0.516
 0.653-0.0183
 0.886-0.0183
 0.187  0.283
 0.589-0.0183
 0.288 -0.315
  0.32  0.516
 0.457  0.347
0.0137  0.283
 0.822-0.0183
 0.155  0.347
-0.676 -0.315
0.0548-0.0183
 0.356  0.516
-0.247  0.283
-0.379  0.347
-0.479  0.315
-0.411 -0.352
 0.256 -0.616
 0.388  0.516
-0.411  0.283
 -0.21 -0.315
0.0137-0.0183
 0.457-0.0502
 0.356 -0.918
 -0.21  0.283
  0.42  0.516
 0.721 -0.584
  0.42 -0.616
0.0457  0.315
0.0137  0.315
 0.621  0.215
 0.457  0.516
 0.356  0.215
 0.256  0.283
 0.388-0.0183
 0.621 -0.584
0.0868  0.347
-0.712  0.347
 0.785 -0.616
 0.489  0.516
 0.123 -0.616
-0.877 -0.315
 -0.11 -0.918
-0.612  0.347
-0.945  0.283
 0.155  0.283
 0.621  0.283
 0.521  0.516
-0.877  0.347
-0.311 -0.918
-0.813-0.0183
 0.886  0.283
 0.155-0.0183
-0.744 -0.315
 0.553  0.516
 0.886 -0.283
 0.854  0.347
-0.279  0.215
  0.32-0.0183
-0.146  0.347
-0.676  0.347
 0.589  0.516
-0.247 -0.616
-0.543  0.283
 0.689-0.0502
0.0137  0.215
 0.589 -0.283
-0.479-0.0183
 0.621  0.516
-0.479 -0.616
 0.721 -0.283
 0.553  0.215
 0.922-0.0183
-0.247-0.0183
 0.653  0.516
0.0228  0.283
-0.909  0.215
 0.388 -0.584
-0.776 -0.616
 0.753-0.0183
-0.945-0.0183
 0.689  0.516
-0.644-0.0183
-0.644  0.215
 0.288  0.283
 0.553 -0.315
 0.256 -0.283
-0.712 -0.616
0.0137 -0.315
0.0868 -0.315
 0.288-0.0183
 0.589  0.283
 0.721  0.516
 0.388 -0.881
-0.311  0.283
 0.822  0.251
 0.589 -0.616
 0.721  0.283
 0.753  0.251
 0.753  0.516
-0.877  0.215
-0.411 -0.283
0.0868 -0.881
 0.457-0.0183
-0.178 -0.616
 0.187 -0.283
 0.123-0.0183
-0.845  0.215
 0.785  0.516
 0.689 -0.584
-0.612 -0.283
-0.744 -0.616
-0.311  0.347
 0.219  0.347
 0.589 -0.584
-0.845  0.347
 0.886  0.251
 0.489  0.251
-0.813  0.215
-0.379-0.0183
 0.822  0.516
0.0228 -0.283
-0.845 -0.283
 0.922  0.251
-0.178  0.347
 0.256  0.251
 0.785  0.347
 0.288 -0.881
-0.776  0.215
  0.32 -0.918
 0.187 -0.584
-0.379 -0.584
 0.822  0.484
-0.511-0.0183
 0.123  0.283
-0.543 -0.616
-0.744  0.215
-0.178  0.283
-0.909 -0.283
-0.712  0.215
-0.644 -0.616
0.0457-0.0183
 0.822 -0.283
-0.411  0.251
-0.676  0.215
-0.279  0.347
  0.42 -0.283
0.0228  0.315
 0.356  0.251
0.0776  0.283
0.0776 -0.584
 -0.58 -0.616
 0.553 -0.283
-0.279  0.251
0.0137 -0.283
 0.922 -0.283
0.0868 -0.283
 0.388  0.283
-0.612  0.215
-0.612 -0.584
-0.511 -0.616
 0.356 -0.283
-0.877  0.251
-0.543  0.215
 0.256-0.0183
 0.457 -0.283
-0.511 -0.584
 0.521-0.0183
0.0228 -0.616
-0.511  0.251
 0.721-0.0183
-0.813 -0.315
-0.676 -0.584
 0.155 -0.881
 -0.11  0.283
-0.479  0.251
-0.776  0.283
 -0.11 -0.283
-0.511  0.781
 0.822  0.315
0.0228 -0.315
-0.411 -0.616
-0.443  0.251
-0.146 -0.881
-0.178 -0.881
 0.854  0.251
-0.479  0.781
-0.744 -0.352
0.0228 -0.584
 0.689  0.283
 0.123 -0.881
  0.42  0.283
-0.712 -0.315
-0.411 -0.881
-0.443  0.781
-0.676  0.251
 0.187-0.0183
-0.279 -0.584
-0.676 -0.352
  0.32 -0.315
  0.42  0.251
 0.721  0.347
-0.411  0.781
 0.489 -0.584
 0.785  0.315
-0.379  0.215
 0.457 -0.616
 0.288 -0.584
0.0548 -0.881
-0.379  0.781
 0.388  0.347
 0.653  0.251
-0.279 -0.881
 0.388 -0.283
 0.986-0.0183
-0.479 -0.315
-0.311  0.251
-0.347  0.781
-0.347  0.315
-0.311-0.0183
-0.178 -0.584
-0.311  0.315
-0.247 -0.881
 0.854 -0.283
-0.644 -0.283
 0.553  0.416
 0.589  0.251
-0.311 -0.315
-0.311  0.781
-0.247 -0.283
 -0.21 -0.881
 0.219 -0.584
 0.256  0.347
 0.521 -0.283
 0.653 -0.283
-0.247  0.215
 0.653 -0.584
-0.776 -0.283
 0.753 -0.584
-0.279  0.781
 0.288 -0.616
-0.178 -0.918
 0.689 -0.315
-0.813 -0.283
 -0.21  0.215
-0.712  0.283
 0.123 -0.251
  0.42 -0.881
-0.247  0.781
 0.822  0.347
 -0.21  0.251
-0.379 -0.881
-0.945  0.251
-0.146 -0.918
 0.621 -0.251
-0.676  0.416
-0.511 -0.283
-0.178  0.251
 0.721  0.315
0.0137 -0.881
0.0228-0.0183
0.0548 -0.584
 -0.21  0.781
 0.356 -0.584
 0.954  0.283
0.0548  0.215
-0.178  0.215
 0.785  0.283
 0.123 -0.584
 0.553 -0.584
-0.712  0.251
-0.347  0.283
-0.178  0.781
0.0776 -0.881
 -0.11  0.251
 0.753 -0.283
0.0228 -0.881
 0.489  0.384
-0.676  0.283
 0.256  0.416
-0.479 -0.283
-0.146  0.781
 0.123  0.251
 0.954 -0.283
0.0457 -0.881
-0.379 -0.352
0.0457  0.384
 0.886  0.384
0.0776  0.251
 -0.11  0.781
-0.909-0.0183
-0.443  0.384
-0.178-0.0183
 0.489  0.347
 -0.11 -0.584
-0.311 -0.352
 0.589 -0.315
-0.411 -0.584
0.0457  0.251
-0.909  0.283
0.0776  0.781
-0.479 -0.584
-0.279 -0.352
-0.612  0.251
 0.689 -0.283
-0.744-0.0183
-0.379  0.251
-0.744 -0.283
-0.712 -0.584
0.0457  0.781
 0.288  0.384
-0.146  0.283
-0.146 -0.584
0.0137  0.347
0.0548 -0.918
 0.219  0.283
 0.689  0.251
 0.553 0.0137
0.0228  0.251
 0.356 -0.881
 0.388  0.251
0.0137  0.781
-0.342 -0.881
0.0776 0.0137
 0.621  0.251
 0.489 -0.283
 0.155 -0.283
 0.521  0.283
 0.721  0.384
-0.845  0.251
0.0548  0.283
-0.178 -0.352
-0.342  0.384
0.0228  0.781
 0.922  0.315
 0.457  0.283
 0.123 -0.918
0.0548  0.315
-0.411  0.384
0.0868  0.251
-0.146 -0.352
-0.443  0.283
-0.644 0.0137
 -0.58  0.384
 0.521 -0.584
0.0548  0.781
 0.288 -0.283
0.0776 -0.283
-0.146-0.0183
-0.744  0.251
 0.256 -0.881
  0.32  0.384
0.0868  0.384
0.0868 -0.616
0.0868  0.781
-0.247  0.251
  0.42  0.347
 0.854 0.0137
 -0.21 -0.584
0.0776 -0.352
 0.155 -0.918
-0.311 -0.881
 0.721 0.0137
 0.155  0.251
-0.347 -0.283
 0.123  0.781
-0.279  0.384
0.0457  0.283
-0.712 -0.283
-0.877 -0.283
 -0.21 -0.283
 0.219 -0.881
 0.123  0.315
 0.187  0.251
  0.32 -0.283
 0.155  0.781
 0.155  0.384
-0.347 -0.584
-0.178  0.384
 0.785  0.251
-0.813  0.384
 0.256 -0.918
-0.279-0.0183
 0.187  0.215
0.0228  0.384
 0.187  0.781
 0.621 0.0137
0.0228 -0.352
-0.279  0.283
-0.744 -0.584
-0.178 -0.283
 0.187 -0.881
-0.676  0.384
-0.543 -0.283
 0.219  0.781
-0.511  0.315
 0.521  0.384
-0.977-0.0183
 0.954 0.0137
0.0548 -0.283
 0.822 0.0137
0.0137 -0.584
 -0.58 -0.584
-0.813  0.283
 0.288  0.251
-0.511  0.384
-0.247 -0.584
 0.256  0.781
 0.854  0.384
-0.311  0.384
-0.676 -0.283
-0.146  0.384
-0.612  0.283
 0.553  0.251
  0.32  0.251
-0.909  0.251
 0.854  0.315
 0.288  0.781
-0.347-0.0183
 0.155 -0.352
  0.42  0.384
-0.443-0.0183
0.0868  0.283
 0.123  0.384
  0.32  0.781
 0.954  0.251
  0.32 -0.584
 0.653  0.347
0.0457 -0.584
0.0776  0.384
 0.721  0.215
-0.479  0.283
 0.457  0.251
  0.32 -0.881
 0.854-0.0183
 0.356  0.781
-0.379  0.283
-0.146  0.251
-0.813 0.0137
-0.479  0.384
 -0.11 -0.881
 0.621 -0.548
 0.457  0.384
 0.256 -0.352
 0.388  0.781
 -0.21 -0.516
 0.187  0.315
-0.845  0.283
-0.311 -0.584
  0.42  0.781
-0.543  0.384
-0.644  0.384
0.0776  0.347
 0.123 -0.849
 0.356  0.283
  0.32 0.0137
 0.288 -0.352
-0.612  0.384
 0.388 0.0137
 -0.21  0.315
 0.457  0.781
 0.521 0.0137
-0.977 0.0137
 0.288 0.0137
-0.644  0.283
 0.457 0.0137
  0.32 -0.849
 0.489  0.215
-0.744  0.384
 0.489  0.781
-0.511 0.0137
-0.945 -0.283
  0.42 0.0137
 0.256 -0.584
 0.388 -0.352
 0.155 -0.251
-0.712  0.315
 -0.21 -0.849
 0.521  0.781
 0.187  0.384
 0.986 0.0137
-0.543-0.0183
-0.813  0.251
0.0457 0.0137
0.0548 0.0137
 0.653  0.384
 0.589  0.215
 0.219 0.0137
-0.379 -0.315
  0.42 -0.352
 0.689 -0.548
 0.356-0.0183
-0.411 0.0137
-0.612 -0.315
-0.744  0.283
 0.457 -0.584
 0.256 0.0137
0.0137  0.251
-0.511  0.283
 0.653  0.215
 0.785-0.0183
  0.42 -0.548
 -0.58 -0.283
 0.489 -0.849
 0.589  0.347
 0.388  0.384
 0.689  0.215
 0.721 -0.548
 0.256  0.315
 0.621  0.548
0.0868 0.0137
-0.311 -0.283
-0.712  0.384
0.0548  0.251
 0.753  0.283
 0.785 0.0137
 0.356  0.384
 0.489  0.548
 0.356 -0.849
 0.288 -0.849
-0.146 0.0137
-0.776  0.251
 0.785  0.548
-0.909  0.315
 -0.21 0.0137
-0.909  0.384
-0.776 0.0137
 0.785  0.384
-0.347 -0.516
 0.621 -0.352
 0.288 -0.548
-0.146 -0.849
 0.785 -0.251
-0.247 -0.251
 0.753  0.215
 0.653 -0.251
-0.543 -0.584
 0.689 -0.352
0.0137 0.0137
-0.146  0.548
-0.813  0.315
 0.356 -0.251
-0.612 -0.251
 0.288  0.347
 0.589 -0.548
  0.42 -0.584
0.0457 -0.548
-0.379  0.384
-0.247  0.384
 0.288  0.548
 -0.58  0.315
 0.489  0.283
-0.676 0.0137
-0.443 -0.881
 0.155  0.548
-0.379 -0.849
 0.553 -0.548
-0.877  0.384
  0.32 -0.548
  0.32  0.283
-0.379 -0.548
 0.256 -0.548
-0.479 -0.251
-0.543  0.251
-0.644 -0.584
 0.187 0.0137
0.0548 -0.849
-0.612  0.548
0.0137  0.384
-0.712 0.0137
-0.379 -0.251
 -0.21  0.548
 0.621-0.0183
 0.854 -0.352
 0.553 -0.251
 0.256 -0.849
-0.279  0.315
 0.589 0.0137
0.0776 -0.849
 -0.58  0.548
-0.178 -0.251
 0.753 -0.548
-0.443 -0.849
 0.219  0.548
-0.146 -0.283
 0.457 -0.251
 0.589  0.384
 -0.58 0.0137
0.0137 -0.251
 0.689  0.384
-0.909 0.0137
-0.311 -0.251
 0.155 0.0137
 0.155 -0.548
 0.854 -0.251
 0.721 -0.251
-0.909 -0.352
-0.347 -0.849
-0.945  0.215
-0.411 -0.849
-0.877 -0.352
-0.479 -0.849
-0.845 -0.251
 0.922 -0.251
 0.521 -0.548
 0.256 -0.251
-0.845  0.315
-0.845 -0.352
 0.753 -0.251
 0.721  0.416
-0.443 -0.283
-0.543 -0.548
 0.886 0.0137
-0.813 -0.352
 0.356 0.0137
-0.511  0.548
 -0.11 -0.548
-0.279 -0.283
-0.712 -0.251
 0.388 -0.849
-0.776 -0.352
-0.676 -0.548
0.0868 -0.849
 0.521 -0.849
-0.279 0.0137
-0.909 -0.251
 -0.58 -0.548
 0.256  0.384
 0.621  0.384
 0.854  0.416
-0.612  0.781
-0.712 -0.352
 0.489  0.416
-0.776  0.315
 0.689  0.548
 0.721  0.251
 -0.58  0.781
-0.813 -0.548
-0.279  0.416
0.0228  0.416
 0.123 -0.283
0.0137 -0.849
 -0.21  0.384
-0.379 -0.918
0.0548  0.384
0.0228 0.0137
-0.543  0.781
 0.219 -0.283
-0.511  0.416
 0.489 0.0137
-0.178 -0.548
-0.644 -0.352
0.0868  0.548
 0.219 -0.849
-0.347 -0.918
0.0228 -0.849
-0.612 -0.548
 -0.11  0.548
-0.744 -0.548
-0.379 -0.283
-0.279 -0.251
-0.612 -0.352
 -0.11 -0.251
-0.178   0.58
-0.845  0.416
 -0.58  0.416
 0.653  0.283
 -0.11 0.0137
-0.776 -0.251
-0.543  0.548
0.0868 -0.584
 -0.58 -0.352
 0.187 -0.548
0.0868 -0.548
-0.511 -0.548
0.0137 -0.548
 0.553  0.384
-0.543 0.0137
0.0228  0.548
-0.543   0.58
 0.785 -0.584
-0.279 -0.918
 0.689  0.416
 -0.21 -0.548
-0.877  0.283
-0.411 -0.548
 0.123 -0.548
-0.543 -0.352
 0.521 -0.251
 0.589 -0.251
-0.877 -0.251
 0.457  0.315
0.0228 -0.548
-0.676 -0.251
 0.155 -0.849
-0.247 -0.918
 0.219  0.384
-0.511 -0.352
 0.356  0.548
 0.219  0.416
 0.753   0.58
 0.256  0.548
-0.178 -0.849
 0.187 -0.849
 0.187  0.416
 0.753 0.0183
 0.155  0.416
-0.776 -0.584
-0.479 -0.352
 -0.21 -0.918
 0.388   0.58
0.0776 -0.251
-0.178  0.416
 -0.21  0.416
 -0.58  0.215
-0.845 0.0137
 0.785 -0.548
 -0.21 -0.251
 0.256   0.58
0.0776  0.548
 0.689 -0.251
-0.311 0.0137
-0.443 -0.352
-0.479  0.416
 0.721  0.548
-0.813  0.548
-0.543 -0.251
 0.356 -0.548
-0.411  0.548
 0.653 0.0137
 -0.11  0.416
 0.356   0.58
0.0457 -0.251
-0.347  0.548
-0.178  0.548
-0.744 0.0137
-0.379  0.416
 -0.11 -0.849
  0.32 -0.251
-0.411 -0.251
0.0457   0.58
-0.511  0.215
-0.443 -0.548
-0.443  0.548
 0.589  0.548
-0.411   0.58
 0.785 -0.283
-0.247 0.0137
-0.443 -0.251
 0.388  0.416
  0.32  0.416
-0.511 -0.251
-0.744  0.416
-0.877  0.416
-0.479  0.215
-0.644  0.251
  0.42  0.416
-0.712   0.58
-0.612  0.315
-0.845  0.384
 0.785  0.416
-0.347 -0.352
-0.612 0.0137
 0.621   0.58
 0.553   0.58
 0.219   0.58
 0.356  0.315
0.0776 -0.918
-0.443  0.215
 0.689   0.58
-0.247  0.416
 0.822  0.416
-0.311  0.416
 0.922 0.0137
-0.342  0.416
 0.388 -0.548
-0.411  0.416
  0.32   0.58
-0.311   0.58
0.0137  0.548
 0.521   0.58
0.0457 -0.918
 0.621  0.114
 0.753  0.384
-0.411  0.215
-0.379   0.58
-0.945 0.0137
 0.621 -0.283
 0.356 0.0822
0.0548  0.548
 0.489 -0.548
-0.612   0.58
 0.589  0.416
-0.247  0.548
0.0137 -0.918
-0.247 -0.352
-0.443 0.0137
0.0776  0.849
  0.42 0.0822
 0.219 -0.251
 0.785   0.58
 0.219 -0.548
-0.479 0.0137
0.0868 -0.251
0.0457  0.849
-0.342 0.0137
 0.721   0.58
0.0137   0.58
0.0548 -0.251
 -0.21 -0.352
0.0228 -0.918
 0.123  0.817
 0.123 -0.817
0.0548 -0.817
-0.347  0.215
-0.776 -0.548
 0.589   0.58
 0.457 -0.548
 0.785 0.0502
-0.813 0.0822
-0.676   0.58
 0.155   0.58
-0.644 -0.251
 -0.11  0.384
 0.123  0.416
0.0548   0.58
-0.744  0.114
 0.256 -0.817
-0.311  0.215
 0.187  0.548
-0.712 -0.548
0.0457 -0.849
0.0548 -0.548
 0.489 -0.251
-0.712  0.548
  0.32 -0.817
 0.521  0.548
-0.776  0.416
-0.877 0.0137
-0.612-0.0183
0.0868 -0.918
0.0228   0.58
-0.146 0.0822
 0.721 -0.219
 0.822 -0.251
 0.689 0.0502
 -0.11 -0.352
 0.689  0.315
 0.553 0.0502
 0.288  0.416
 0.489 -0.817
 0.155 -0.584
-0.511 0.0502
  0.42  0.548
 0.589 -0.219
-0.543 0.0502
 0.123  0.548
0.0776  0.416
-0.479   0.58
-0.311 0.0502
 0.457 -0.849
 0.653   0.58
 0.886 -0.251
-0.411 -0.817
-0.443  0.817
 0.388  0.548
0.0548  0.817
0.0776 -0.548
0.0776 -0.219
  0.42 -0.251
0.0457 -0.352
-0.347 -0.251
 -0.21 -0.817
-0.146  0.416
-0.279 -0.817
0.0868  0.416
-0.379 0.0137
 0.986 0.0502
-0.644 -0.548
-0.813  0.416
 0.753  0.548
 -0.58   0.58
0.0137 -0.352
 -0.21   0.58
-0.543  0.416
 0.822  0.384
 0.187 -0.918
 0.621 0.0502
 0.219  0.817
 0.521 -0.516
-0.311 -0.849
-0.443 0.0502
 0.922  0.384
 0.886 0.0502
-0.845 -0.219
-0.247 -0.548
 0.219 -0.918
 0.155  0.817
-0.744  0.548
 0.187 -0.516
 0.388 0.0502
-0.146  0.215
  0.32  0.817
0.0228 -0.251
 0.886 -0.219
 0.288   0.58
 0.753  0.416
0.0457  0.416
0.0548 -0.352
-0.676 0.0502
 0.123 0.0502
 -0.11  0.215
-0.744   0.58
 0.123   0.58
-0.443  0.416
0.0776   0.58
 0.489  0.817
 0.653 -0.219
 0.886  0.416
 0.155 0.0502
0.0868 -0.352
0.0137  0.817
 0.388 -0.251
-0.379 -0.516
-0.311 -0.548
-0.279 -0.849
0.0776 0.0502
 0.288 -0.918
0.0776  0.215
-0.511 -0.516
-0.776   0.58
 0.123 -0.352
-0.247 0.0502
-0.279  0.817
 -0.11  0.817
-0.342  0.817
 0.155 -0.817
 0.388 -0.817
 -0.58 -0.516
 0.388  0.817
-0.744 0.0502
0.0457  0.215
 0.553 -0.516
 0.489 -0.219
0.0776 -0.817
-0.342 -0.548
 0.219 0.0502
-0.311  0.817
-0.479 0.0502
0.0548 0.0502
-0.411  0.817
 0.356  0.416
 0.553  0.548
 0.187 -0.352
 0.521 -0.817
 0.187 -0.251
-0.311 -0.219
 0.388 -0.516
0.0457 -0.817
 0.123 0.0137
 0.187  0.817
-0.479 -0.817
-0.443 -0.584
-0.543 -0.219
-0.813 0.0502
 0.822  0.548
 0.219 -0.352
-0.813 -0.219
  0.42 0.0502
 0.388 -0.918
 0.753  0.315
0.0228  0.215
-0.247  0.817
-0.247   0.58
 0.521  0.817
 0.457   0.58
-0.247 -0.817
 0.653 -0.548
0.0548  0.416
  0.32  0.548
-0.511 -0.849
-0.712  0.416
 0.589 -0.516
 0.489 -0.516
-0.813 -0.251
 -0.11 -0.516
-0.909 -0.219
-0.744 -0.251
0.0868   0.58
 -0.21 0.0502
-0.342   0.58
0.0228 -0.516
0.0868  0.215
 0.457 -0.516
 0.521 0.0502
-0.347 -0.219
 0.256 -0.516
 0.854 -0.219
  0.32 -0.352
 -0.58 0.0502
-0.411 0.0502
-0.146 0.0502
 0.219 -0.817
 0.123  0.215
 0.356 -0.352
0.0457 -0.283
-0.443   0.58
-0.178  0.817
 0.653  0.648
-0.945 -0.251
-0.279 -0.516
0.0137  0.416
 0.288 -0.219
 0.256 -0.219
 0.589  0.648
 0.954 0.0502
-0.712 -0.219
-0.511 -0.817
 0.155  0.215
 0.187  0.447
0.0137 -0.219
 0.854 0.0502
 0.288 0.0502
-0.178 -0.219
-0.311  0.447
 0.457  0.548
-0.411 -0.516
-0.644  0.416
 0.589  0.447
 0.689 -0.219
 0.219 -0.516
 0.457  0.817
-0.279 -0.219
 0.653  0.416
 0.356  0.817
-0.909 0.0502
 0.457 -0.352
 -0.11   0.58
0.0457 0.0502
 0.785 -0.516
 0.155  0.315
 0.219  0.215
-0.311 -0.817
-0.247  0.648
0.0137 0.0502
 0.489 -0.352
-0.178 0.0502
 -0.21 -0.219
-0.347  0.881
-0.676  0.548
 0.256  0.215
 0.621  0.416
 0.521 -0.352
 0.155  0.447
-0.676 -0.219
-0.676  0.648
-0.379 -0.219
-0.845 0.0502
-0.411 -0.219
 0.256 0.0502
 0.288  0.215
-0.279  0.447
-0.178 -0.817
-0.776 -0.516
-0.945 0.0502
 0.288 -0.817
 0.753  0.447
0.0868 -0.219
 0.553 -0.817
 0.457  0.648
 0.589 -0.352
  0.32  0.215
 0.288 -0.251
 0.388  0.447
 0.356  0.447
-0.311  0.548
 0.288  0.447
 0.721  0.616
 0.822 0.0502
 0.356 -0.219
-0.479  0.817
-0.279 -0.548
 0.388 -0.219
-0.279   0.58
 0.553  0.781
 0.388  0.881
-0.479  0.548
0.0776  0.447
 0.187 0.0502
 0.256  0.881
0.0228  0.881
0.0776  0.817
 0.653 -0.352
-0.146 -0.817
-0.543  0.447
 0.589  0.781
 0.388  0.215
0.0548  0.616
-0.342  0.447
-0.479 -0.548
 0.653  0.447
-0.712  0.648
 0.457  0.416
0.0457 -0.219
0.0868 -0.817
  0.42  0.215
 0.621  0.781
0.0548 -0.516
 0.721 -0.352
-0.178  0.881
 -0.58  0.447
-0.612  0.447
 0.457  0.215
 0.753 -0.352
-0.311  0.616
0.0548 -0.219
-0.676  0.447
-0.311  0.881
 0.822 -0.516
 0.785 -0.352
 -0.11 -0.219
-0.443  0.616
  0.42 -0.516
-0.813  0.447
0.0228 -0.817
0.0457  0.548
 0.822 -0.352
-0.712  0.616
 0.155 -0.516
 0.123  0.616
 0.521  0.215
-0.644 -0.516
 -0.58 -0.251
 0.854  0.447
-0.612 -0.219
 0.689 0.0137
-0.845  0.516
 0.886 -0.352
-0.776  0.548
-0.443  0.447
 0.822 -0.548
 0.457  0.616
 0.621  0.447
 0.922 -0.352
-0.877 0.0502
  0.32  0.447
0.0457 -0.516
 0.785 -0.219
 0.753 0.0502
-0.178  0.447
 0.721 0.0502
 0.721  0.447
-0.744 -0.219
  0.32  0.881
0.0868  0.817
 0.288  0.881
 -0.58 -0.219
0.0228  0.817
-0.712  0.447
 0.219  0.616
0.0457  0.881
 0.388  0.616
 0.288 -0.516
 0.489 0.0502
 -0.11  0.616
 0.785  0.215
-0.279  0.616
-0.379  0.447
 0.822  0.215
-0.279  0.881
-0.178  0.616
 0.854  0.215
-0.247  0.616
  0.42  0.447
 0.886  0.215
-0.744  0.447
-0.347  0.616
-0.411  0.881
 0.922  0.215
 -0.58  0.616
-0.676  0.616
-0.776  0.616
 0.954  0.215
 0.689  0.447
 0.356  0.881
 0.954 -0.219
-0.712 -0.516
0.0137  0.616
 0.123 -0.219
 0.922 0.0502
 0.653 0.0502
 0.721 -0.516
 0.219  0.881
 0.123 -0.516
0.0776  0.616
0.0457  0.616
0.0137 -0.516
 0.589  0.616
0.0868  0.447
-0.712 0.0502
-0.744 -0.516
0.0228 -0.219
0.0137  0.881
-0.146 -0.251
 0.219 -0.785
-0.247  0.447
 0.489   0.58
-0.178 -0.785
 -0.21  0.447
 0.155  0.881
 0.256  0.447
-0.945 -0.219
 0.489  0.616
-0.247 -0.849
 0.187  0.881
-0.612  0.416
 0.123  0.447
-0.877 -0.219
 0.653  0.548
 0.553  0.447
-0.511   0.58
-0.379  0.548
 0.288  0.616
-0.146  0.616
-0.644  0.616
-0.511 -0.219
 0.356 -0.817
-0.644 -0.219
0.0868 -0.785
-0.676 -0.516
  0.42 -0.785
-0.776 -0.219
-0.813 -0.516
-0.443 -0.219
 0.123 -0.785
-0.977 0.0502
 0.187  0.616
 0.689  0.616
 0.356 -0.151
-0.379  0.881
  0.42  0.817
-0.347 -0.817
-0.347 -0.785
 0.621 -0.219
-0.178 0.0137
 0.187 -0.219
0.0137 -0.817
 0.553 -0.785
  0.32 -0.516
 0.256  0.616
-0.311 -0.516
0.0228 0.0502
 0.187   0.58
  0.32 -0.785
 0.521 -0.785
 0.356  0.616
0.0228  0.447
-0.443 -0.817
-0.146 -0.785
0.0868 0.0822
-0.311 -0.151
-0.511  0.817
 0.785  0.447
 -0.11  0.447
0.0228  0.616
-0.612 0.0502
-0.744  0.616
-0.909 -0.151
 0.954 0.0822
  0.32 0.0502
 0.123 -0.151
0.0776 -0.516
 0.521 -0.219
 0.457 -0.219
 0.288 0.0822
-0.279 0.0822
0.0457  0.817
 0.155 -0.219
  0.32  0.616
 0.256 -0.785
0.0228  0.849
0.0868  0.881
-0.178 -0.516
 0.553  0.616
  0.42 -0.817
-0.146 -0.516
 0.954 -0.251
0.0776 -0.785
 -0.58 -0.785
  0.42 -0.183
 0.589 0.0502
 0.356 0.0502
 0.155  0.849
-0.443 -0.151
 0.388 -0.183
0.0548  0.447
-0.146  0.817
 0.256  0.849
-0.511  0.347
-0.247 -0.219
-0.479  0.616
 0.922 -0.219
 0.854 0.0822
-0.909  0.347
-0.511 -0.785
 0.388 -0.785
  0.42   0.58
-0.146 -0.219
 0.689 -0.183
-0.479 -0.785
 0.822 -0.183
 0.854 -0.183
 0.822  0.447
-0.443 -0.516
 0.589 -0.785
-0.411  0.849
  0.32  0.849
 0.457  0.849
0.0776  0.881
 0.553  0.817
 0.187 -0.484
-0.511  0.616
0.0137 -0.183
0.0457 -0.785
 0.854 -0.516
 0.489 -0.183
-0.479 -0.183
-0.247 -0.516
-0.644 0.0502
 0.886 0.0822
0.0228 -0.183
 0.521 0.0822
 0.288 -0.151
-0.379 -0.785
-0.311 -0.785
-0.543 -0.817
0.0457  0.447
 0.155 0.0822
 0.155 -0.183
 0.653 -0.183
 0.822 -0.484
 0.589 -0.484
 0.288 -0.785
-0.644  0.548
 0.356 -0.516
-0.644   0.58
 0.621  0.616
 -0.21  0.616
-0.379  0.616
-0.479  0.447
-0.776  0.447
 0.219 -0.219
0.0868 -0.183
-0.379 -0.817
 0.288 -0.484
 0.753 -0.183
  0.42  0.849
-0.543 -0.516
 0.219 0.0822
-0.644 -0.183
  0.42  0.616
0.0457 0.0822
 0.457 -0.785
 0.922 -0.183
 0.785 -0.183
-0.909 0.0822
 0.187 -0.817
 0.589 0.0822
 0.521 -0.183
 -0.21 -0.785
0.0137 -0.785
 0.689 -0.484
-0.676 0.0822
 0.356 -0.183
0.0228 0.0822
 0.489  0.447
 0.886  0.447
-0.776  0.384
-0.776 0.0502
-0.411 -0.183
-0.379  0.817
-0.945 0.0822
-0.247 -0.785
 0.123  0.849
 0.457 0.0822
-0.347  0.849
-0.279 0.0502
 0.854 -0.484
-0.776 -0.484
 0.123  0.881
 0.155  0.913
-0.279 -0.785
-0.379 -0.484
 0.155  0.616
-0.279 -0.484
 0.621 -0.516
-0.178 -0.183
0.0228 -0.785
 0.489  0.849
0.0137  0.447
-0.279  0.849
 0.388 -0.484
 0.187 0.0822
-0.909 -0.183
-0.511  0.484
-0.146  0.447
-0.178  0.849
0.0548  0.484
  0.42 -0.484
 0.653 -0.516
-0.379  0.849
-0.845  0.447
-0.411 -0.785
 0.219  0.447
 -0.21 -0.484
-0.511  0.849
 0.457 -0.817
-0.279  0.548
-0.776 0.0822
 0.256  0.484
-0.443 -0.183
 0.187 -0.785
 0.753 -0.516
 0.123 -0.484
  0.42  0.881
-0.178 -0.452
 0.256 -0.484
-0.776 -0.183
0.0137  0.849
 0.489 0.0822
-0.845 -0.516
-0.247 -0.183
0.0776 -0.183
 0.356  0.913
 -0.11 -0.817
 0.187 -0.183
0.0548 -0.484
 0.457 -0.484
 0.521 -0.484
 0.219 -0.183
 0.785 -0.484
 0.621 -0.183
-0.877 -0.183
-0.379 0.0502
-0.945 -0.183
  0.42 -0.849
 0.553  0.484
 0.886 -0.183
 0.721 0.0822
0.0868 -0.516
 0.521  0.447
 0.356  0.849
-0.311 -0.484
 0.388 0.0822
 0.288 -0.183
-0.845 -0.484
 -0.11  0.881
-0.744  0.484
 0.356  0.484
0.0228 -0.484
0.0228  0.648
  0.32 -0.219
 -0.58 -0.183
 0.288  0.849
-0.712 -0.183
0.0868  0.616
 0.356 -0.785
 0.589 -0.183
-0.146  0.881
-0.178  0.913
 0.553 -0.219
-0.479 -0.516
 0.822 0.0822
-0.776  0.484
 0.489 -0.484
-0.543 -0.785
-0.247  0.881
 -0.11 0.0502
 0.356 -0.484
-0.411  0.447
  0.32 0.0822
-0.877  0.447
-0.178  0.484
-0.146  0.849
 0.589  0.484
 0.721 -0.183
 0.922 0.0822
-0.813  0.484
  0.42 -0.219
-0.744 -0.484
-0.511 -0.484
 -0.11 -0.785
-0.644 0.0822
 0.489 -0.785
 -0.11 -0.484
0.0228  0.484
-0.279  0.913
-0.178 0.0822
-0.977 0.0822
-0.479 0.0822
0.0548 0.0822
-0.712 -0.484
 0.753 -0.219
0.0776  0.913
 0.753  0.484
-0.443 0.0822
-0.247 0.0822
0.0868 0.0502
0.0548  0.913
 0.388  0.913
-0.178 -0.484
 0.785 0.0822
  0.32 -0.183
 0.388  0.849
 0.256  0.817
-0.247  0.484
-0.443  0.849
 0.553 -0.183
 0.785  0.484
 -0.21 -0.183
 0.621 0.0822
 -0.21  0.881
0.0137  0.913
 -0.11  0.648
 -0.11 0.0822
 0.521  0.416
0.0548  0.881
 0.521  0.648
 -0.21 0.0822
 0.288  0.648
 0.521  0.616
-0.543  0.817
 0.621  0.484
-0.543 0.0822
 0.553 -0.484
 0.288  0.484
-0.342  0.484
-0.676  0.484
-0.511  0.648
-0.813 -0.183
0.0548  0.849
-0.146  0.648
 0.288  0.913
 0.288  0.817
 0.489  0.484
 0.388  0.484
-0.644  0.648
 0.954 -0.183
0.0457  0.913
0.0868  0.484
 0.187  0.913
 0.219  0.913
0.0776 -0.484
-0.347 -0.484
 0.155 -0.785
 0.753 -0.484
 0.356  0.648
0.0776 0.0822
 0.721  0.484
 0.721 -0.484
-0.311 0.0822
-0.744 0.0822
-0.543 -0.183
-0.479  0.849
-0.612 0.0822
-0.146 -0.484
-0.311 -0.183
 0.219 -0.484
  0.42  0.648
-0.379 0.0822
-0.511 -0.183
 0.621 -0.484
-0.146 -0.548
0.0776  0.648
-0.479  0.648
-0.347  0.648
 -0.58 -0.484
-0.146  0.913
0.0137 -0.484
0.0137  0.484
 0.653  0.484
0.0137  0.648
-0.612 -0.183
-0.311  0.648
-0.146 -0.183
 0.457 -0.183
-0.676 -0.183
 -0.21  0.648
 0.123 -0.183
-0.311  0.913
 0.457 0.0502
 0.288 -0.749
-0.612  0.648
-0.443 -0.484
 0.187  0.484
 0.553 -0.749
 0.155  0.648
 0.589 -0.749
 0.621 -0.785
 0.822 -0.219
 0.521 -0.749
 0.123 -0.749
 0.689  0.648
 0.653 -0.484
 0.256 -0.749
  0.42  0.484
-0.511  0.447
 0.219  0.849
0.0457  0.347
-0.712 0.0822
 0.854  0.484
-0.178  0.648
 0.621  0.648
 0.256  0.648
-0.411  0.648
 0.489  0.648
 0.256  0.913
-0.311  0.849
 0.155 -0.749
 0.123 0.0822
 0.219  0.114
 -0.11  0.484
-0.845 0.0822
 0.489 -0.749
-0.178  0.114
0.0776   0.95
 0.123  0.648
-0.479 -0.484
-0.612  0.616
 0.854  0.114
-0.347 -0.183
 0.123  0.484
-0.247  0.849
0.0548 -0.749
-0.644  0.447
 0.785  0.616
 -0.58 0.0822
 0.854  0.516
0.0228 -0.151
-0.347 0.0822
 0.653 0.0822
-0.247  0.114
-0.543  0.648
-0.612 -0.785
 0.785  0.114
0.0548  0.648
-0.379 -0.749
 0.187  0.849
-0.612 -0.484
 0.753  0.616
 -0.11  0.913
 0.721  0.648
-0.411 -0.749
 0.822 -0.151
0.0228  0.913
0.0228 -0.749
0.0137 0.0822
-0.379  0.913
-0.411 -0.151
-0.543 -0.484
-0.347 0.0502
 0.457  0.881
0.0776 -0.749
 0.922  0.114
  0.42 -0.749
-0.612 -0.151
-0.644 -0.484
 0.256 0.0822
 0.553  0.648
 -0.11  0.849
 0.388 -0.151
0.0228   0.95
-0.311 -0.749
-0.543  0.616
 0.954  0.114
-0.379  0.648
 0.489  0.114
  0.32  0.484
-0.443 -0.785
 -0.21  0.849
 0.553 0.0822
 0.256   0.95
0.0868  0.849
-0.411 0.0822
 0.155 -0.484
  0.32 -0.484
 -0.58  0.648
-0.644 -0.749
 0.922 -0.151
-0.511 -0.151
-0.279 -0.151
 -0.58 -0.749
0.0868  0.648
 0.219 -0.749
-0.644  0.484
0.0548 -0.183
-0.411  0.484
0.0548 -0.785
 0.356  0.114
0.0457 -0.749
-0.411 -0.484
 0.753 0.0822
-0.543 -0.151
  0.32  0.913
 0.155  0.484
  0.32  0.648
 0.388 -0.749
-0.443 -0.749
0.0457   0.95
 0.123  0.913
-0.479  0.114
 0.219 -0.151
-0.676 -0.484
-0.247 -0.484
0.0137 -0.151
 0.388  0.114
0.0137 -0.749
-0.744 -0.183
0.0457 -0.151
0.0457  0.648
 -0.11 -0.151
 -0.21 -0.151
-0.411  0.616
-0.543 -0.452
0.0868  0.913
 0.753 -0.151
0.0548 -0.452
 0.457  0.447
 0.356 -0.452
 0.653  0.114
0.0868 -0.484
 0.854 -0.452
 0.187  0.114
-0.279  0.484
 0.457  0.484
-0.945  0.114
-0.247  0.913
-0.644 -0.151
 0.886 -0.151
 0.489 -0.151
 0.954 -0.151
 0.521  0.114
-0.379  0.114
 0.123   0.95
 0.256 -0.151
  0.42 -0.151
-0.644  0.114
 0.155   0.95
-0.945 -0.151
-0.612 -0.749
 0.753 -0.452
  0.32 -0.749
0.0457  0.484
 0.457 -0.749
-0.178   0.68
0.0548   0.95
 0.187 -0.151
-0.845 -0.183
  0.32  0.114
0.0868 -0.749
-0.712  0.114
-0.146   0.95
 0.553  0.114
 0.621 -0.151
 0.155 -0.151
 0.653 -0.452
 -0.21  0.817
 0.886  0.114
-0.279 -0.749
 0.219   0.95
 -0.11  0.114
  0.42 -0.452
0.0776 -0.151
-0.379 -0.183
-0.511 0.0822
 -0.21  0.913
 0.721 -0.151
0.0868   0.95
-0.347  0.913
0.0868 -0.151
 0.388  0.648
0.0137 -0.452
  0.32 -0.452
0.0457  0.114
 0.489 -0.452
0.0776  0.484
-0.543 -0.749
 -0.11 -0.452
 0.589 -0.151
0.0868 -0.452
 0.288   0.95
 -0.58  0.114
 0.689 -0.516
0.0137  0.114
0.0868  0.114
-0.543  0.114
  0.42  0.114
-0.813 -0.484
-0.479 -0.749
-0.744  0.648
-0.511 -0.749
-0.347 -0.749
-0.146  0.484
-0.877 -0.151
 0.256 -0.183
 -0.58  0.283
-0.342 -0.452
-0.146 -0.749
0.0137   0.95
 -0.11 -0.749
-0.776  0.114
 0.689   0.68
0.0776 -0.452
-0.712 -0.151
 0.219   0.68
-0.443  0.881
 0.457  0.114
 0.822  0.114
 0.753  0.648
  0.32   0.68
 0.521 -0.452
-0.612  0.114
-0.247   0.95
 0.187  0.648
-0.379 -0.151
-0.845  0.114
 0.521  0.849
 0.653 -0.749
-0.479 -0.219
 0.986 0.0822
 0.356   0.68
 0.187   0.68
-0.146   0.58
 0.123  0.114
-0.712 -0.452
0.0228  0.114
-0.146 -0.452
 0.689  0.484
 0.219 -0.452
 0.689  0.114
 -0.21 -0.749
 0.187 -0.749
-0.146   0.68
 0.721   0.68
-0.644   0.68
 0.785 -0.452
-0.311   0.68
 0.653 -0.151
-0.511  0.114
 0.155  0.114
-0.676 -0.151
 0.155   0.68
-0.712   0.68
 0.553 -0.151
 -0.11   0.95
 -0.58 -0.151
 0.123 -0.452
-0.178 -0.749
 0.553   0.68
-0.813 -0.151
 0.256  0.114
-0.311  0.114
 0.854 -0.151
-0.612 -0.452
 0.256 -0.452
-0.813 -0.452
 0.388 -0.452
 -0.58 -0.452
-0.511 -0.452
 0.457 -0.151
-0.411 -0.452
 0.986 -0.151
0.0137   0.68
 0.288  0.114
 0.822 -0.452
-0.543   0.68
 0.388   0.68
0.0548   0.68
-0.644 -0.452
-0.443   0.68
 0.457 -0.452
 -0.21  0.114
0.0776   0.68
-0.612   0.68
-0.411  0.114
0.0457 -0.484
-0.247 -0.452
 0.589 -0.717
-0.479 -0.151
-0.776 -0.151
-0.443  0.114
  0.42   0.68
-0.247   0.68
-0.379   0.68
-0.676  0.114
 0.785 -0.151
-0.279   0.68
 0.123   0.68
-0.178 -0.151
-0.347 -0.151
 0.155 -0.452
-0.845 -0.452
-0.776 -0.452
 0.288 -0.717
-0.146 -0.151
-0.612 -0.516
-0.279 -0.452
0.0228 -0.717
 0.753  0.114
-0.443 -0.452
 0.721 -0.452
-0.411   0.68
 0.589  0.114
 0.621 -0.717
 0.388 -0.717
  0.32 -0.151
-0.347   0.68
 0.457   0.68
  0.32 -0.717
 0.621   0.68
 0.521 -0.717
 0.288 -0.452
 0.553 -0.452
 0.187 -0.452
 0.219  0.648
0.0457 -0.717
0.0457 -0.452
 0.653   0.68
-0.909  0.114
 -0.11 -0.183
-0.877 0.0822
 -0.58 -0.717
-0.279 -0.717
-0.379 -0.717
 0.753 -0.119
 0.721  0.114
-0.479   0.68
 0.589 -0.452
-0.511 -0.717
 0.653 -0.717
-0.443 -0.717
0.0228   0.68
 -0.21  0.484
-0.146  0.114
 -0.11  0.982
-0.178 -0.717
 0.922  0.183
 0.356 -0.717
-0.813  0.114
-0.379 -0.452
-0.178   0.95
-0.877  0.114
 0.489   0.68
0.0457 -0.119
-0.676   0.68
 0.689 -0.717
 -0.21   0.68
-0.744 -0.452
-0.479 -0.717
-0.443  0.484
 0.589   0.68
0.0868 -0.717
-0.676-0.0822
0.0228  0.183
 0.155 -0.717
0.0776 -0.717
 0.689 0.0822
 0.356 -0.749
-0.845 -0.151
0.0457   0.68
 0.553  0.183
-0.644-0.0822
 0.521 -0.151
 -0.21 -0.717
 0.653 -0.384
-0.146 -0.119
 0.123  0.982
0.0548 -0.151
 0.219 -0.717
0.0137 -0.717
 0.224  0.484
-0.612-0.0822
-0.676 -0.452
-0.612  0.484
 0.785 -0.119
 -0.11 -0.717
 0.288 -0.384
 0.553 -0.717
 0.689 -0.151
 0.123 -0.717
 0.155  0.151
 0.854  0.151
 0.954  0.151
 0.288   0.68
-0.776 -0.119
 -0.58-0.0822
 0.854 -0.119
 -0.11  0.151
-0.676 -0.717
 0.689 -0.452
-0.279  0.114
-0.543-0.0822
-0.146  0.151
  0.42  0.151
 0.521  0.484
 0.589  0.749
0.0548  0.114
0.0868  0.183
 0.388  0.151
-0.511-0.0822
  0.42  0.749
-0.247 -0.749
 0.288  0.749
-0.479 -0.452
-0.612 -0.717
-0.543  0.151
-0.347 -0.717
-0.247 -0.717
-0.712  0.151
0.0548  0.982
 0.457 -0.119
-0.479-0.0822
 0.489 -0.717
 0.653  0.616
-0.479 -0.119
-0.909  0.151
0.0137  0.151
 0.256 -0.384
-0.311 -0.717
 0.553 -0.119
 0.155 -0.119
-0.311  0.151
-0.443-0.0822
-0.845  0.151
 -0.21 -0.452
-0.279 -0.384
 0.621 -0.749
-0.845 -0.119
 0.489  0.151
 0.621 -0.452
-0.342  0.114
 0.721 -0.416
0.0228 -0.452
-0.411-0.0822
0.0228  0.151
-0.379 -0.119
0.0548 -0.416
-0.247  0.151
 -0.58 -0.384
0.0776 -0.416
-0.146 -0.384
 0.123  0.749
 0.187   0.95
  0.42 -0.119
 0.288  0.151
-0.676 -0.119
-0.379-0.0822
 -0.11 -0.119
-0.311  0.749
-0.411 -0.416
 -0.11   0.68
-0.279 -0.183
-0.411 -0.717
0.0457  0.749
 0.621  0.151
 0.553 -0.416
-0.342-0.0822
 0.356  0.151
-0.612 -0.416
-0.247 -0.151
 0.521   0.68
 0.854 -0.416
-0.877 -0.119
-0.712 -0.119
 0.986  0.151
-0.279   0.95
-0.311-0.0822
 -0.58 -0.416
 0.187  0.717
 0.457 -0.717
-0.813 -0.416
 0.256 -0.119
 0.721  0.151
 0.256  0.151
-0.813 -0.119
 -0.21  0.749
-0.279-0.0822
0.0548 -0.119
 -0.21  0.151
-0.146  0.717
 0.986  0.114
0.0457  0.982
 0.721 -0.119
-0.612  0.151
-0.342  0.151
-0.443 -0.416
-0.247-0.0822
 0.822  0.151
 0.187 -0.416
-0.443  0.717
-0.511  0.717
 0.653 -0.119
 0.521  0.151
0.0457 -0.183
-0.945 -0.119
 0.288  0.717
 -0.21-0.0822
-0.644 -0.717
 0.521 -0.119
 0.922  0.151
 0.457  0.151
0.0776  0.717
-0.311 -0.452
-0.443  0.151
-0.511 -0.416
-0.178-0.0822
  0.32 -0.416
 0.256 -0.416
0.0137 -0.119
  0.42  0.717
-0.676  0.151
 0.785 -0.416
 0.256 -0.717
0.0868  0.151
0.0548 -0.982
-0.279 -0.119
-0.178  0.151
0.0868  0.982
 0.653  0.151
0.0776  0.114
 0.822 -0.119
 0.521  0.717
-0.977  0.151
 0.785  0.151
 0.621  0.717
 0.521 -0.416
 -0.11-0.0822
0.0457  0.151
 -0.21   0.95
-0.813  0.151
  0.42 -0.717
-0.342 -0.119
 -0.21 -0.416
-0.877  0.151
-0.279  0.717
-0.379 -0.416
0.0776-0.0822
-0.543 -0.416
0.0868 -0.416
 0.489  0.717
0.0548  0.717
 0.621 -0.416
-0.311  0.717
 0.457 -0.416
-0.347 -0.416
-0.178 -0.119
 0.388  0.717
 0.356 -0.416
0.0776 -0.119
-0.845 -0.416
0.0776 -0.982
-0.247 -0.119
-0.776  0.151
0.0868 -0.119
 0.653 -0.416
 0.954 -0.119
-0.543  0.717
0.0137-0.0822
 -0.11 -0.416
-0.612  0.717
-0.311 -0.119
0.0228  0.982
-0.146 -0.717
 0.753  0.151
-0.411 -0.119
-0.744 -0.119
-0.411  0.717
0.0228-0.0822
-0.543 -0.717
 0.886  0.151
  0.32 -0.119
 0.388 -0.685
 0.986 -0.119
 0.689  0.717
-0.443  0.648
 0.219 -0.119
-0.644 -0.119
0.0548-0.0822
 0.155  0.717
 0.589  0.717
 0.457  0.717
-0.676 -0.416
-0.945  0.151
-0.279  0.648
 0.589 -0.119
-0.977 -0.119
-0.877 -0.452
 0.219  0.717
0.0868-0.0822
 0.753 -0.416
-0.178 -0.416
 0.155 -0.416
0.0137  0.717
-0.479  0.717
-0.511   0.68
 0.689 -0.119
 0.219  0.151
0.0228 -0.416
 0.123-0.0822
0.0457 -0.416
0.0868  0.717
 0.489 -0.119
-0.776 -0.416
 0.256  0.717
0.0137 -0.416
 0.653 -0.685
 0.123  0.151
-0.676  0.717
-0.744 -0.151
 -0.58  0.151
-0.644  0.717
 -0.11  0.717
-0.146 -0.416
 0.187  0.151
 0.589 -0.685
-0.479 -0.416
0.0868   0.68
 0.489 -0.416
 0.155-0.0822
 0.689 -0.685
-0.279  0.151
0.0548 -0.685
  0.32  0.151
 0.123 -0.119
-0.744 -0.416
 0.219-0.0822
0.0228 -0.685
 0.187 -0.717
 -0.21 -0.685
-0.311 -0.685
 0.155 -0.685
-0.443 -0.685
 0.288 -0.416
 0.256-0.0822
 0.288 -0.685
-0.342 -0.685
0.0776  0.151
 0.621 -0.119
 -0.21  0.717
 0.553  0.717
 0.288-0.0822
0.0776 -0.685
 0.123 -0.416
 0.356 -0.685
-0.511  0.151
  0.32-0.0822
0.0457 -0.982
 0.721  0.183
 0.489 -0.685
-0.543 -0.685
 0.689  0.151
-0.311  0.484
-0.744  0.151
 0.356-0.0822
 0.288  0.183
 0.653  0.717
 0.621  0.183
-0.379  0.717
 0.489  0.183
-0.247  0.717
-0.379  0.151
 0.388-0.0822
-0.279  0.183
 0.123 -0.685
-0.379 -0.685
-0.178  0.717
-0.543 -0.119
  0.42 -0.416
  0.32  0.183
  0.42-0.0822
-0.744-0.0822
 0.886 -0.416
-0.178 -0.685
-0.511 -0.119
 0.457-0.0822
-0.977 -0.151
 0.954  0.183
-0.443 -0.119
-0.411 -0.685
 0.621-0.0822
 0.489-0.0822
-0.247 -0.685
 0.689  0.183
-0.511 -0.685
 0.886 -0.119
 0.822 -0.416
 -0.58   0.68
-0.279 -0.416
 0.822  0.183
  0.42 -0.685
 0.388 -0.119
 0.457  0.183
 0.922 -0.119
 0.356  0.183
 0.886  0.183
-0.776  0.183
 -0.58 -0.685
 0.553-0.0822
 -0.11  -0.95
 0.621 -0.685
-0.877 -0.416
 0.753  0.183
0.0228 -0.119
 0.589-0.0822
-0.279  -0.95
 0.155  0.183
0.0457 -0.685
-0.877  0.183
 0.854-0.0822
 0.219 -0.416
 -0.21  -0.95
 0.954-0.0822
  0.32 -0.384
-0.443  0.183
-0.247 -0.416
-0.909 -0.119
 0.653-0.0822
 0.457 -0.685
0.0548 -0.384
 0.621 -0.384
 0.521  0.183
-0.479  0.183
-0.379  0.183
 0.689-0.0822
 0.155  0.749
0.0228  0.717
 0.356  0.717
-0.311 -0.416
 0.721-0.0822
 0.689 -0.416
0.0776  0.749
-0.479 -0.384
 0.187 -0.119
-0.178  0.183
 -0.58 -0.119
-0.644 -0.384
 0.753-0.0822
-0.909-0.0822
-0.411  0.749
-0.813 -0.384
-0.146 -0.982
-0.511  0.749
 -0.11  0.183
-0.247  -0.95
 0.785-0.0822
-0.977  0.114
 0.256  -0.95
-0.347  0.717
 0.553 -0.685
  0.32 -0.685
 0.822-0.0822
0.0868  -0.95
 0.822 -0.384
-0.146 -0.685
0.0228  -0.95
0.0548  0.151
-0.644  0.183
 0.256   0.68
0.0548  -0.95
-0.644 -0.416
 0.689 -0.384
0.0868 -0.982
-0.311 -0.384
-0.744  0.183
 0.123  0.717
 0.886-0.0822
 0.457 -0.384
 0.356 -0.384
 0.388 -0.416
0.0137  0.183
 0.256  0.749
-0.612 -0.119
 0.922-0.0822
 0.219 -0.384
-0.712  0.183
 0.288 -0.119
 0.521 -0.685
 0.123  -0.95
-0.543  0.183
 0.123 -0.384
-0.676 -0.685
 0.521  0.749
 0.589 -0.648
 0.123  0.183
 0.457 -0.648
-0.479 -0.685
 0.589  0.151
 0.753 -0.384
-0.712 -0.416
-0.644 -0.685
-0.146  0.183
-0.945  0.183
0.0548 -0.717
0.0457  0.717
-0.511 -0.384
-0.945-0.0822
0.0457  0.183
 0.589 -0.384
 0.457  0.749
 0.785  0.183
0.0548  0.749
0.0457  -0.95
 0.653  0.183
-0.279 -0.685
 0.187  -0.95
0.0868  0.749
 -0.58  0.183
-0.247  0.183
 0.219  0.749
 -0.21 -0.119
  0.32  0.717
-0.776 -0.384
-0.712 -0.384
0.0548 -0.648
-0.644 -0.648
 0.854  0.183
 0.653  0.749
0.0228  0.749
-0.347 -0.384
-0.411  0.151
-0.511 -0.648
 0.621 -0.648
-0.411 -0.384
-0.479  0.151
-0.676 -0.384
0.0548  0.183
0.0868 -0.685
-0.379  0.749
0.0776 -0.384
-0.247 -0.384
0.0228 -0.384
-0.511  0.183
 0.187  0.183
 -0.21 -0.384
-0.311  0.183
-0.909  0.183
0.0868 -0.384
-0.612  0.183
 0.187 -0.685
-0.977-0.0822
-0.178 -0.384
-0.279 -0.648
-0.443 -0.384
 -0.21 -0.648
-0.612  0.749
 0.553  0.749
0.0776 -0.648
-0.146  0.749
 0.219 -0.685
0.0228 -0.648
 0.155 -0.982
-0.311 -0.648
-0.845 -0.384
0.0776  -0.95
-0.612 -0.384
-0.443  0.749
-0.247 -0.648
 0.219  -0.95
 0.155 -0.648
 0.521 -0.648
-0.342 -0.648
-0.347  0.183
-0.845  0.183
-0.744 -0.384
 0.689 -0.648
0.0137  0.749
-0.877-0.0822
-0.712 -0.648
 0.721 -0.648
-0.813  0.183
-0.411 -0.648
  0.32 -0.648
-0.247  0.749
 -0.58  0.749
-0.845-0.0822
 0.589  0.183
0.0868 -0.648
 0.621  0.749
0.0457 -0.648
 0.521 -0.384
0.0457 -0.384
 0.589 -0.416
 -0.11 -0.982
-0.813-0.0822
-0.146 -0.648
-0.877 -0.384
 -0.58 -0.648
-0.543 -0.384
-0.644  0.151
 0.721 -0.685
 0.489  0.749
-0.676  0.183
-0.776 -0.0822
-0.479  0.749
-0.178  -0.95
 0.886 -0.384
0.0137 -0.384
-0.744 -0.648
-0.543  0.749
0.0137 -0.685
 0.187 -0.648
 0.388 -0.648
 0.356  0.749
 0.785 -0.384
-0.712  0.484
  0.42 -0.384
 0.256 -0.648
  0.42  0.183
 0.553  0.151
 0.155  -0.95
-0.712-0.0822
 0.388  0.749
 0.553 -0.384
 0.288  -0.95
-0.379  0.484
 0.256  0.183
 0.187  0.749
0.0137 -0.648
-0.379 -0.648
0.0776  0.183
 0.553 -0.648
 -0.11 -0.685
 0.356 -0.119
-0.146  -0.95
 0.489 -0.384
-0.676 -0.648
 0.155 -0.384
 0.388  0.183
 0.521 -0.0822
 0.187 -0.0822
 0.489 -0.648
  0.42 -0.648
 0.753 -0.648
 0.123 -0.982
-0.178 -0.648
-0.411  0.183
 -0.11 -0.648
-0.909 -0.384
-0.612 -0.648
 -0.11 -0.384
 0.288 -0.648
 0.123 -0.648
 0.721 -0.384
 -0.21  0.183
 0.653 -0.648
 0.219 -0.648
 0.854 -0.384
-0.347  0.749
  0.32  0.749
-0.543 -0.648
-0.543  0.484
-0.279  0.749
 0.356 -0.648
 0.187 -0.384
-0.178  0.749
-0.479 -0.648
0.0137  -0.95
-0.443 -0.648
-0.146  0.982
 0.922 -0.384
 -0.11  0.749
 0.155  0.982
-0.479  0.484
-0.644  0.749
-0.612 -0.685
-0.379 -0.384
 0.986 -0.0822
 0.219  0.183
 -0.58  0.717
 0.388 -0.384
 -0.58  0.484
-0.146 -0.0822
 0.256 -0.685
0.0137  0.982
0.0228 -0.982
-0.712 -0.685
0.0137 -0.982
0.0776  0.982
0.0457 -0.0822
 0.886 -0.447
 0.452 -0.881
