-9.770000e-01 0.0 -5.020000e-02
9.860000e-01 0.0 -5.020000e-02
-9.450000e-01 0.0 -5.020000e-02
8.860000e-01 0.0 -5.020000e-02
7.850000e-01 0.0 -5.020000e-02
-9.090000e-01 0.0 -5.020000e-02
6.210000e-01 0.0 -5.020000e-02
4.890000e-01 0.0 -5.020000e-02
5.890000e-01 0.0 -5.020000e-02
-8.770000e-01 0.0 -5.020000e-02
2.190000e-01 0.0 -5.020000e-02
1.230000e-01 0.0 -5.020000e-02
-8.450000e-01 0.0 -5.020000e-02
-7.760000e-02 0.0 -5.020000e-02
-1.780000e-01 0.0 -5.020000e-02
-8.130000e-01 0.0 -5.020000e-02
-3.470000e-01 0.0 -5.020000e-02
-4.430000e-01 0.0 -5.020000e-02
-5.430000e-01 0.0 -5.020000e-02
-8.450000e-01 0.0 4.840000e-01
-7.760000e-01 0.0 -5.020000e-02
-6.440000e-01 0.0 -5.020000e-02
-8.130000e-01 0.0 5.160000e-01
-4.110000e-01 0.0 -5.020000e-02
9.540000e-01 0.0 -5.020000e-02
7.210000e-01 0.0 -5.020000e-02
-7.440000e-01 0.0 -5.020000e-02
5.210000e-01 0.0 -5.020000e-02
3.200000e-01 0.0 -5.020000e-02
-7.760000e-01 0.0 5.160000e-01
-4.570000e-02 0.0 -5.020000e-02
8.680000e-02 0.0 -5.020000e-02
-7.120000e-01 0.0 -5.020000e-02
-1.460000e-01 0.0 -5.020000e-02
8.220000e-01 0.0 -3.150000e-01
-7.440000e-01 0.0 5.160000e-01
-5.110000e-01 0.0 -5.020000e-02
5.210000e-01 0.0 -3.150000e-01
7.530000e-01 0.0 -3.150000e-01
-6.760000e-01 0.0 -5.020000e-02
3.560000e-01 0.0 -3.150000e-01
-7.120000e-01 0.0 5.160000e-01
8.220000e-01 0.0 -5.020000e-02
9.220000e-01 0.0 -5.020000e-02
1.870000e-01 0.0 -3.150000e-01
3.880000e-01 0.0 -5.020000e-02
5.530000e-01 0.0 -5.020000e-02
-6.760000e-01 0.0 5.160000e-01
4.200000e-01 0.0 -5.020000e-02
8.540000e-01 0.0 -5.020000e-02
7.530000e-01 0.0 -6.160000e-01
-2.470000e-01 0.0 -3.150000e-01
-6.120000e-01 0.0 -5.020000e-02
5.210000e-01 0.0 -6.160000e-01
-4.430000e-01 0.0 -3.150000e-01
-6.440000e-01 0.0 5.160000e-01
-5.800000e-01 0.0 -3.150000e-01
3.200000e-01 0.0 -6.160000e-01
-5.800000e-01 0.0 -5.020000e-02
2.190000e-01 0.0 -6.160000e-01
1.870000e-01 0.0 -6.160000e-01
-6.120000e-01 0.0 5.160000e-01
-8.450000e-01 0.0 -3.150000e-01
-9.090000e-01 0.0 -3.150000e-01
5.480000e-02 0.0 -6.160000e-01
7.850000e-01 0.0 -3.150000e-01
-3.110000e-01 0.0 -5.020000e-02
-5.800000e-01 0.0 5.160000e-01
-2.790000e-01 0.0 -6.160000e-01
6.210000e-01 0.0 -3.150000e-01
-3.790000e-01 0.0 -6.160000e-01
6.530000e-01 0.0 -3.150000e-01
7.530000e-01 0.0 -5.020000e-02
-4.790000e-01 0.0 -5.020000e-02
4.890000e-01 0.0 -3.150000e-01
-5.430000e-01 0.0 5.160000e-01
3.880000e-01 0.0 -3.150000e-01
-6.760000e-01 0.0 -6.160000e-01
4.570000e-01 0.0 -3.150000e-01
8.540000e-01 0.0 -3.150000e-01
-6.120000e-01 0.0 -6.160000e-01
-5.110000e-01 0.0 5.160000e-01
-7.760000e-01 0.0 -3.150000e-01
4.890000e-01 0.0 -6.160000e-01
1.230000e-01 0.0 -3.150000e-01
-2.100000e-01 0.0 -5.020000e-02
2.560000e-01 0.0 -3.150000e-01
-1.780000e-01 0.0 -3.150000e-01
-4.790000e-01 0.0 5.160000e-01
5.480000e-02 0.0 -3.150000e-01
-3.420000e-01 0.0 -3.150000e-01
-4.110000e-01 0.0 -3.150000e-01
6.530000e-01 0.0 -6.160000e-01
-7.760000e-02 0.0 -3.150000e-01
3.880000e-01 0.0 -6.160000e-01
-4.430000e-01 0.0 5.160000e-01
-4.570000e-02 0.0 -3.150000e-01
-2.790000e-01 0.0 -5.020000e-02
-3.790000e-01 0.0 -5.020000e-02
-6.440000e-01 0.0 -3.150000e-01
6.210000e-01 0.0 -6.160000e-01
-4.110000e-01 0.0 5.160000e-01
2.190000e-01 0.0 -3.150000e-01
8.860000e-01 0.0 3.150000e-01
-5.110000e-01 0.0 -3.150000e-01
5.530000e-01 0.0 -3.520000e-01
-1.100000e-01 0.0 -3.150000e-01
-3.790000e-01 0.0 5.160000e-01
1.550000e-01 0.0 -6.160000e-01
7.210000e-01 0.0 -6.160000e-01
5.210000e-01 0.0 3.150000e-01
-3.470000e-01 0.0 -6.160000e-01
3.200000e-01 0.0 3.150000e-01
-3.470000e-01 0.0 5.160000e-01
3.560000e-01 0.0 -6.160000e-01
2.190000e-01 0.0 3.150000e-01
-1.460000e-01 0.0 -6.160000e-01
8.680000e-02 0.0 3.150000e-01
1.550000e-01 0.0 -3.150000e-01
-2.100000e-01 0.0 -6.160000e-01
-1.100000e-01 0.0 -6.160000e-01
-3.110000e-01 0.0 5.160000e-01
6.530000e-01 0.0 3.150000e-01
-1.100000e-01 0.0 3.150000e-01
-2.470000e-01 0.0 -5.020000e-02
5.530000e-01 0.0 3.150000e-01
-4.430000e-01 0.0 -6.160000e-01
-2.790000e-01 0.0 5.160000e-01
-7.760000e-02 0.0 -6.160000e-01
5.530000e-01 0.0 -6.160000e-01
-2.470000e-01 0.0 3.150000e-01
-1.460000e-01 0.0 -3.150000e-01
3.200000e-01 0.0 3.470000e-01
-2.470000e-01 0.0 5.160000e-01
-2.790000e-01 0.0 -3.150000e-01
2.880000e-01 0.0 3.150000e-01
-4.430000e-01 0.0 3.150000e-01
-3.790000e-01 0.0 3.150000e-01
6.890000e-01 0.0 -6.160000e-01
-6.440000e-01 0.0 3.150000e-01
-2.100000e-01 0.0 5.160000e-01
-7.760000e-02 0.0 3.150000e-01
-7.440000e-01 0.0 3.150000e-01
-4.570000e-02 0.0 -6.160000e-01
4.200000e-01 0.0 -3.150000e-01
7.210000e-01 0.0 -3.150000e-01
-1.780000e-01 0.0 5.160000e-01
-5.430000e-01 0.0 3.150000e-01
-6.760000e-01 0.0 3.150000e-01
-1.100000e-01 0.0 -5.020000e-02
5.890000e-01 0.0 3.150000e-01
9.220000e-01 0.0 3.470000e-01
-1.460000e-01 0.0 5.160000e-01
4.200000e-01 0.0 3.150000e-01
7.530000e-01 0.0 3.470000e-01
-1.460000e-01 0.0 3.150000e-01
-8.770000e-01 0.0 3.150000e-01
-1.100000e-01 0.0 5.160000e-01
-5.430000e-01 0.0 -3.150000e-01
3.560000e-01 0.0 3.470000e-01
1.230000e-01 0.0 3.470000e-01
9.540000e-01 0.0 -1.830000e-02
-1.780000e-01 0.0 3.150000e-01
9.220000e-01 0.0 -3.150000e-01
4.890000e-01 0.0 3.150000e-01
-7.760000e-02 0.0 5.160000e-01
-2.100000e-01 0.0 3.470000e-01
6.530000e-01 0.0 -5.020000e-02
-1.370000e-02 0.0 -5.020000e-02
-4.110000e-01 0.0 3.470000e-01
4.200000e-01 0.0 -1.830000e-02
-4.570000e-02 0.0 5.160000e-01
-4.790000e-01 0.0 3.470000e-01
-5.430000e-01 0.0 3.470000e-01
2.190000e-01 0.0 -1.830000e-02
2.280000e-02 0.0 -5.020000e-02
-7.760000e-01 0.0 3.470000e-01
-1.370000e-02 0.0 5.160000e-01
-8.130000e-01 0.0 3.470000e-01
-2.100000e-01 0.0 -1.830000e-02
-4.110000e-01 0.0 -1.830000e-02
-5.800000e-01 0.0 -1.830000e-02
5.480000e-02 0.0 -5.020000e-02
-8.450000e-01 0.0 -1.830000e-02
8.860000e-01 0.0 3.470000e-01
2.280000e-02 0.0 5.160000e-01
6.890000e-01 0.0 3.470000e-01
5.530000e-01 0.0 3.470000e-01
3.880000e-01 0.0 3.150000e-01
-3.110000e-01 0.0 -6.160000e-01
5.480000e-02 0.0 3.470000e-01
5.480000e-02 0.0 5.160000e-01
-4.110000e-01 0.0 3.150000e-01
5.210000e-01 0.0 2.510000e-01
-7.760000e-02 0.0 -1.830000e-02
6.890000e-01 0.0 -1.830000e-02
3.560000e-01 0.0 -5.020000e-02
8.680000e-02 0.0 5.160000e-01
1.550000e-01 0.0 -5.020000e-02
2.190000e-01 0.0 2.510000e-01
5.530000e-01 0.0 -1.830000e-02
4.890000e-01 0.0 -1.830000e-02
-1.100000e-01 0.0 3.470000e-01
2.280000e-02 0.0 3.470000e-01
1.230000e-01 0.0 5.160000e-01
-2.470000e-01 0.0 3.470000e-01
1.870000e-01 0.0 -5.020000e-02
8.680000e-02 0.0 -1.830000e-02
-3.470000e-01 0.0 2.510000e-01
-3.420000e-01 0.0 3.470000e-01
1.550000e-01 0.0 5.160000e-01
-1.100000e-01 0.0 -1.830000e-02
-5.800000e-01 0.0 2.510000e-01
-4.430000e-01 0.0 3.470000e-01
-6.440000e-01 0.0 3.470000e-01
-5.800000e-01 0.0 3.470000e-01
1.870000e-01 0.0 5.160000e-01
-1.370000e-02 0.0 -6.160000e-01
-7.440000e-01 0.0 3.470000e-01
-7.120000e-01 0.0 -1.830000e-02
2.560000e-01 0.0 -5.020000e-02
-6.760000e-01 0.0 -1.830000e-02
2.190000e-01 0.0 5.160000e-01
-7.760000e-01 0.0 -1.830000e-02
9.220000e-01 0.0 2.830000e-01
8.220000e-01 0.0 2.830000e-01
-8.770000e-01 0.0 -1.830000e-02
2.880000e-01 0.0 -5.020000e-02
5.530000e-01 0.0 2.830000e-01
5.210000e-01 0.0 3.470000e-01
2.560000e-01 0.0 5.160000e-01
8.860000e-01 0.0 -3.150000e-01
6.210000e-01 0.0 3.470000e-01
1.870000e-01 0.0 3.470000e-01
6.210000e-01 0.0 3.150000e-01
8.540000e-01 0.0 2.830000e-01
2.880000e-01 0.0 5.160000e-01
6.530000e-01 0.0 -1.830000e-02
8.860000e-01 0.0 -1.830000e-02
1.870000e-01 0.0 2.830000e-01
5.890000e-01 0.0 -1.830000e-02
2.880000e-01 0.0 -3.150000e-01
3.200000e-01 0.0 5.160000e-01
4.570000e-01 0.0 3.470000e-01
-1.370000e-02 0.0 2.830000e-01
8.220000e-01 0.0 -1.830000e-02
1.550000e-01 0.0 3.470000e-01
-6.760000e-01 0.0 -3.150000e-01
5.480000e-02 0.0 -1.830000e-02
3.560000e-01 0.0 5.160000e-01
-2.470000e-01 0.0 2.830000e-01
-3.790000e-01 0.0 3.470000e-01
-4.790000e-01 0.0 3.150000e-01
-4.110000e-01 0.0 -3.520000e-01
2.560000e-01 0.0 -6.160000e-01
3.880000e-01 0.0 5.160000e-01
-4.110000e-01 0.0 2.830000e-01
-2.100000e-01 0.0 -3.150000e-01
-1.370000e-02 0.0 -1.830000e-02
4.570000e-01 0.0 -5.020000e-02
3.560000e-01 0.0 -9.180000e-01
-2.100000e-01 0.0 2.830000e-01
4.200000e-01 0.0 5.160000e-01
7.210000e-01 0.0 -5.840000e-01
4.200000e-01 0.0 -6.160000e-01
-4.570000e-02 0.0 3.150000e-01
-1.370000e-02 0.0 3.150000e-01
6.210000e-01 0.0 2.150000e-01
4.570000e-01 0.0 5.160000e-01
3.560000e-01 0.0 2.150000e-01
2.560000e-01 0.0 2.830000e-01
3.880000e-01 0.0 -1.830000e-02
6.210000e-01 0.0 -5.840000e-01
8.680000e-02 0.0 3.470000e-01
-7.120000e-01 0.0 3.470000e-01
7.850000e-01 0.0 -6.160000e-01
4.890000e-01 0.0 5.160000e-01
1.230000e-01 0.0 -6.160000e-01
-8.770000e-01 0.0 -3.150000e-01
-1.100000e-01 0.0 -9.180000e-01
-6.120000e-01 0.0 3.470000e-01
-9.450000e-01 0.0 2.830000e-01
1.550000e-01 0.0 2.830000e-01
6.210000e-01 0.0 2.830000e-01
5.210000e-01 0.0 5.160000e-01
-8.770000e-01 0.0 3.470000e-01
-3.110000e-01 0.0 -9.180000e-01
-8.130000e-01 0.0 -1.830000e-02
8.860000e-01 0.0 2.830000e-01
1.550000e-01 0.0 -1.830000e-02
-7.440000e-01 0.0 -3.150000e-01
5.530000e-01 0.0 5.160000e-01
8.860000e-01 0.0 -2.830000e-01
8.540000e-01 0.0 3.470000e-01
-2.790000e-01 0.0 2.150000e-01
3.200000e-01 0.0 -1.830000e-02
-1.460000e-01 0.0 3.470000e-01
-6.760000e-01 0.0 3.470000e-01
5.890000e-01 0.0 5.160000e-01
-2.470000e-01 0.0 -6.160000e-01
-5.430000e-01 0.0 2.830000e-01
6.890000e-01 0.0 -5.020000e-02
-1.370000e-02 0.0 2.150000e-01
5.890000e-01 0.0 -2.830000e-01
-4.790000e-01 0.0 -1.830000e-02
6.210000e-01 0.0 5.160000e-01
-4.790000e-01 0.0 -6.160000e-01
7.210000e-01 0.0 -2.830000e-01
5.530000e-01 0.0 2.150000e-01
9.220000e-01 0.0 -1.830000e-02
-2.470000e-01 0.0 -1.830000e-02
6.530000e-01 0.0 5.160000e-01
2.280000e-02 0.0 2.830000e-01
-9.090000e-01 0.0 2.150000e-01
3.880000e-01 0.0 -5.840000e-01
-7.760000e-01 0.0 -6.160000e-01
7.530000e-01 0.0 -1.830000e-02
-9.450000e-01 0.0 -1.830000e-02
6.890000e-01 0.0 5.160000e-01
-6.440000e-01 0.0 -1.830000e-02
-6.440000e-01 0.0 2.150000e-01
2.880000e-01 0.0 2.830000e-01
5.530000e-01 0.0 -3.150000e-01
2.560000e-01 0.0 -2.830000e-01
-7.120000e-01 0.0 -6.160000e-01
-1.370000e-02 0.0 -3.150000e-01
8.680000e-02 0.0 -3.150000e-01
2.880000e-01 0.0 -1.830000e-02
5.890000e-01 0.0 2.830000e-01
7.210000e-01 0.0 5.160000e-01
3.880000e-01 0.0 -8.810000e-01
-3.110000e-01 0.0 2.830000e-01
8.220000e-01 0.0 2.510000e-01
5.890000e-01 0.0 -6.160000e-01
7.210000e-01 0.0 2.830000e-01
7.530000e-01 0.0 2.510000e-01
7.530000e-01 0.0 5.160000e-01
-8.770000e-01 0.0 2.150000e-01
-4.110000e-01 0.0 -2.830000e-01
8.680000e-02 0.0 -8.810000e-01
4.570000e-01 0.0 -1.830000e-02
-1.780000e-01 0.0 -6.160000e-01
1.870000e-01 0.0 -2.830000e-01
1.230000e-01 0.0 -1.830000e-02
-8.450000e-01 0.0 2.150000e-01
7.850000e-01 0.0 5.160000e-01
6.890000e-01 0.0 -5.840000e-01
-6.120000e-01 0.0 -2.830000e-01
-7.440000e-01 0.0 -6.160000e-01
-3.110000e-01 0.0 3.470000e-01
2.190000e-01 0.0 3.470000e-01
5.890000e-01 0.0 -5.840000e-01
-8.450000e-01 0.0 3.470000e-01
8.860000e-01 0.0 2.510000e-01
4.890000e-01 0.0 2.510000e-01
-8.130000e-01 0.0 2.150000e-01
-3.790000e-01 0.0 -1.830000e-02
8.220000e-01 0.0 5.160000e-01
2.280000e-02 0.0 -2.830000e-01
-8.450000e-01 0.0 -2.830000e-01
9.220000e-01 0.0 2.510000e-01
-1.780000e-01 0.0 3.470000e-01
2.560000e-01 0.0 2.510000e-01
7.850000e-01 0.0 3.470000e-01
2.880000e-01 0.0 -8.810000e-01
-7.760000e-01 0.0 2.150000e-01
3.200000e-01 0.0 -9.180000e-01
1.870000e-01 0.0 -5.840000e-01
-3.790000e-01 0.0 -5.840000e-01
8.220000e-01 0.0 4.840000e-01
-5.110000e-01 0.0 -1.830000e-02
1.230000e-01 0.0 2.830000e-01
-5.430000e-01 0.0 -6.160000e-01
-7.440000e-01 0.0 2.150000e-01
-1.780000e-01 0.0 2.830000e-01
-9.090000e-01 0.0 -2.830000e-01
-7.120000e-01 0.0 2.150000e-01
-6.440000e-01 0.0 -6.160000e-01
-4.570000e-02 0.0 -1.830000e-02
8.220000e-01 0.0 -2.830000e-01
-4.110000e-01 0.0 2.510000e-01
-6.760000e-01 0.0 2.150000e-01
-2.790000e-01 0.0 3.470000e-01
4.200000e-01 0.0 -2.830000e-01
2.280000e-02 0.0 3.150000e-01
3.560000e-01 0.0 2.510000e-01
-7.760000e-02 0.0 2.830000e-01
-7.760000e-02 0.0 -5.840000e-01
-5.800000e-01 0.0 -6.160000e-01
5.530000e-01 0.0 -2.830000e-01
-2.790000e-01 0.0 2.510000e-01
-1.370000e-02 0.0 -2.830000e-01
9.220000e-01 0.0 -2.830000e-01
8.680000e-02 0.0 -2.830000e-01
3.880000e-01 0.0 2.830000e-01
-6.120000e-01 0.0 2.150000e-01
-6.120000e-01 0.0 -5.840000e-01
-5.110000e-01 0.0 -6.160000e-01
3.560000e-01 0.0 -2.830000e-01
-8.770000e-01 0.0 2.510000e-01
-5.430000e-01 0.0 2.150000e-01
2.560000e-01 0.0 -1.830000e-02
4.570000e-01 0.0 -2.830000e-01
-5.110000e-01 0.0 -5.840000e-01
5.210000e-01 0.0 -1.830000e-02
2.280000e-02 0.0 -6.160000e-01
-5.110000e-01 0.0 2.510000e-01
7.210000e-01 0.0 -1.830000e-02
-8.130000e-01 0.0 -3.150000e-01
-6.760000e-01 0.0 -5.840000e-01
1.550000e-01 0.0 -8.810000e-01
-1.100000e-01 0.0 2.830000e-01
-4.790000e-01 0.0 2.510000e-01
-7.760000e-01 0.0 2.830000e-01
-1.100000e-01 0.0 -2.830000e-01
-5.110000e-01 0.0 7.810000e-01
8.220000e-01 0.0 3.150000e-01
2.280000e-02 0.0 -3.150000e-01
-4.110000e-01 0.0 -6.160000e-01
-4.430000e-01 0.0 2.510000e-01
-1.460000e-01 0.0 -8.810000e-01
-1.780000e-01 0.0 -8.810000e-01
8.540000e-01 0.0 2.510000e-01
-4.790000e-01 0.0 7.810000e-01
-7.440000e-01 0.0 -3.520000e-01
2.280000e-02 0.0 -5.840000e-01
6.890000e-01 0.0 2.830000e-01
1.230000e-01 0.0 -8.810000e-01
4.200000e-01 0.0 2.830000e-01
-7.120000e-01 0.0 -3.150000e-01
-4.110000e-01 0.0 -8.810000e-01
-4.430000e-01 0.0 7.810000e-01
-6.760000e-01 0.0 2.510000e-01
1.870000e-01 0.0 -1.830000e-02
-2.790000e-01 0.0 -5.840000e-01
-6.760000e-01 0.0 -3.520000e-01
3.200000e-01 0.0 -3.150000e-01
4.200000e-01 0.0 2.510000e-01
7.210000e-01 0.0 3.470000e-01
-4.110000e-01 0.0 7.810000e-01
4.890000e-01 0.0 -5.840000e-01
7.850000e-01 0.0 3.150000e-01
-3.790000e-01 0.0 2.150000e-01
4.570000e-01 0.0 -6.160000e-01
2.880000e-01 0.0 -5.840000e-01
5.480000e-02 0.0 -8.810000e-01
-3.790000e-01 0.0 7.810000e-01
3.880000e-01 0.0 3.470000e-01
6.530000e-01 0.0 2.510000e-01
-2.790000e-01 0.0 -8.810000e-01
3.880000e-01 0.0 -2.830000e-01
9.860000e-01 0.0 -1.830000e-02
-4.790000e-01 0.0 -3.150000e-01
-3.110000e-01 0.0 2.510000e-01
-3.470000e-01 0.0 7.810000e-01
-3.470000e-01 0.0 3.150000e-01
-3.110000e-01 0.0 -1.830000e-02
-1.780000e-01 0.0 -5.840000e-01
-3.110000e-01 0.0 3.150000e-01
-2.470000e-01 0.0 -8.810000e-01
8.540000e-01 0.0 -2.830000e-01
-6.440000e-01 0.0 -2.830000e-01
5.530000e-01 0.0 4.160000e-01
5.890000e-01 0.0 2.510000e-01
-3.110000e-01 0.0 -3.150000e-01
-3.110000e-01 0.0 7.810000e-01
-2.470000e-01 0.0 -2.830000e-01
-2.100000e-01 0.0 -8.810000e-01
2.190000e-01 0.0 -5.840000e-01
2.560000e-01 0.0 3.470000e-01
5.210000e-01 0.0 -2.830000e-01
6.530000e-01 0.0 -2.830000e-01
-2.470000e-01 0.0 2.150000e-01
6.530000e-01 0.0 -5.840000e-01
-7.760000e-01 0.0 -2.830000e-01
7.530000e-01 0.0 -5.840000e-01
-2.790000e-01 0.0 7.810000e-01
2.880000e-01 0.0 -6.160000e-01
-1.780000e-01 0.0 -9.180000e-01
6.890000e-01 0.0 -3.150000e-01
-8.130000e-01 0.0 -2.830000e-01
-2.100000e-01 0.0 2.150000e-01
-7.120000e-01 0.0 2.830000e-01
1.230000e-01 0.0 -2.510000e-01
4.200000e-01 0.0 -8.810000e-01
-2.470000e-01 0.0 7.810000e-01
8.220000e-01 0.0 3.470000e-01
-2.100000e-01 0.0 2.510000e-01
-3.790000e-01 0.0 -8.810000e-01
-9.450000e-01 0.0 2.510000e-01
-1.460000e-01 0.0 -9.180000e-01
6.210000e-01 0.0 -2.510000e-01
-6.760000e-01 0.0 4.160000e-01
-5.110000e-01 0.0 -2.830000e-01
-1.780000e-01 0.0 2.510000e-01
7.210000e-01 0.0 3.150000e-01
-1.370000e-02 0.0 -8.810000e-01
2.280000e-02 0.0 -1.830000e-02
5.480000e-02 0.0 -5.840000e-01
-2.100000e-01 0.0 7.810000e-01
3.560000e-01 0.0 -5.840000e-01
9.540000e-01 0.0 2.830000e-01
5.480000e-02 0.0 2.150000e-01
-1.780000e-01 0.0 2.150000e-01
7.850000e-01 0.0 2.830000e-01
1.230000e-01 0.0 -5.840000e-01
5.530000e-01 0.0 -5.840000e-01
-7.120000e-01 0.0 2.510000e-01
-3.470000e-01 0.0 2.830000e-01
-1.780000e-01 0.0 7.810000e-01
-7.760000e-02 0.0 -8.810000e-01
-1.100000e-01 0.0 2.510000e-01
7.530000e-01 0.0 -2.830000e-01
2.280000e-02 0.0 -8.810000e-01
4.890000e-01 0.0 3.840000e-01
-6.760000e-01 0.0 2.830000e-01
2.560000e-01 0.0 4.160000e-01
-4.790000e-01 0.0 -2.830000e-01
-1.460000e-01 0.0 7.810000e-01
1.230000e-01 0.0 2.510000e-01
9.540000e-01 0.0 -2.830000e-01
-4.570000e-02 0.0 -8.810000e-01
-3.790000e-01 0.0 -3.520000e-01
-4.570000e-02 0.0 3.840000e-01
8.860000e-01 0.0 3.840000e-01
-7.760000e-02 0.0 2.510000e-01
-1.100000e-01 0.0 7.810000e-01
-9.090000e-01 0.0 -1.830000e-02
-4.430000e-01 0.0 3.840000e-01
-1.780000e-01 0.0 -1.830000e-02
4.890000e-01 0.0 3.470000e-01
-1.100000e-01 0.0 -5.840000e-01
-3.110000e-01 0.0 -3.520000e-01
5.890000e-01 0.0 -3.150000e-01
-4.110000e-01 0.0 -5.840000e-01
-4.570000e-02 0.0 2.510000e-01
-9.090000e-01 0.0 2.830000e-01
-7.760000e-02 0.0 7.810000e-01
-4.790000e-01 0.0 -5.840000e-01
-2.790000e-01 0.0 -3.520000e-01
-6.120000e-01 0.0 2.510000e-01
6.890000e-01 0.0 -2.830000e-01
-7.440000e-01 0.0 -1.830000e-02
-3.790000e-01 0.0 2.510000e-01
-7.440000e-01 0.0 -2.830000e-01
-7.120000e-01 0.0 -5.840000e-01
-4.570000e-02 0.0 7.810000e-01
2.880000e-01 0.0 3.840000e-01
-1.460000e-01 0.0 2.830000e-01
-1.460000e-01 0.0 -5.840000e-01
-1.370000e-02 0.0 3.470000e-01
5.480000e-02 0.0 -9.180000e-01
2.190000e-01 0.0 2.830000e-01
6.890000e-01 0.0 2.510000e-01
5.530000e-01 0.0 1.370000e-02
2.280000e-02 0.0 2.510000e-01
3.560000e-01 0.0 -8.810000e-01
3.880000e-01 0.0 2.510000e-01
-1.370000e-02 0.0 7.810000e-01
-3.420000e-01 0.0 -8.810000e-01
-7.760000e-02 0.0 1.370000e-02
6.210000e-01 0.0 2.510000e-01
4.890000e-01 0.0 -2.830000e-01
1.550000e-01 0.0 -2.830000e-01
5.210000e-01 0.0 2.830000e-01
7.210000e-01 0.0 3.840000e-01
-8.450000e-01 0.0 2.510000e-01
5.480000e-02 0.0 2.830000e-01
-1.780000e-01 0.0 -3.520000e-01
-3.420000e-01 0.0 3.840000e-01
2.280000e-02 0.0 7.810000e-01
9.220000e-01 0.0 3.150000e-01
4.570000e-01 0.0 2.830000e-01
1.230000e-01 0.0 -9.180000e-01
5.480000e-02 0.0 3.150000e-01
-4.110000e-01 0.0 3.840000e-01
8.680000e-02 0.0 2.510000e-01
-1.460000e-01 0.0 -3.520000e-01
-4.430000e-01 0.0 2.830000e-01
-6.440000e-01 0.0 1.370000e-02
-5.800000e-01 0.0 3.840000e-01
5.210000e-01 0.0 -5.840000e-01
5.480000e-02 0.0 7.810000e-01
2.880000e-01 0.0 -2.830000e-01
-7.760000e-02 0.0 -2.830000e-01
-1.460000e-01 0.0 -1.830000e-02
-7.440000e-01 0.0 2.510000e-01
2.560000e-01 0.0 -8.810000e-01
3.200000e-01 0.0 3.840000e-01
8.680000e-02 0.0 3.840000e-01
8.680000e-02 0.0 -6.160000e-01
8.680000e-02 0.0 7.810000e-01
-2.470000e-01 0.0 2.510000e-01
4.200000e-01 0.0 3.470000e-01
8.540000e-01 0.0 1.370000e-02
-2.100000e-01 0.0 -5.840000e-01
-7.760000e-02 0.0 -3.520000e-01
1.550000e-01 0.0 -9.180000e-01
-3.110000e-01 0.0 -8.810000e-01
7.210000e-01 0.0 1.370000e-02
1.550000e-01 0.0 2.510000e-01
-3.470000e-01 0.0 -2.830000e-01
1.230000e-01 0.0 7.810000e-01
-2.790000e-01 0.0 3.840000e-01
-4.570000e-02 0.0 2.830000e-01
-7.120000e-01 0.0 -2.830000e-01
-8.770000e-01 0.0 -2.830000e-01
-2.100000e-01 0.0 -2.830000e-01
2.190000e-01 0.0 -8.810000e-01
1.230000e-01 0.0 3.150000e-01
1.870000e-01 0.0 2.510000e-01
3.200000e-01 0.0 -2.830000e-01
1.550000e-01 0.0 7.810000e-01
1.550000e-01 0.0 3.840000e-01
-3.470000e-01 0.0 -5.840000e-01
-1.780000e-01 0.0 3.840000e-01
7.850000e-01 0.0 2.510000e-01
-8.130000e-01 0.0 3.840000e-01
2.560000e-01 0.0 -9.180000e-01
-2.790000e-01 0.0 -1.830000e-02
1.870000e-01 0.0 2.150000e-01
2.280000e-02 0.0 3.840000e-01
1.870000e-01 0.0 7.810000e-01
6.210000e-01 0.0 1.370000e-02
2.280000e-02 0.0 -3.520000e-01
-2.790000e-01 0.0 2.830000e-01
-7.440000e-01 0.0 -5.840000e-01
-1.780000e-01 0.0 -2.830000e-01
1.870000e-01 0.0 -8.810000e-01
-6.760000e-01 0.0 3.840000e-01
-5.430000e-01 0.0 -2.830000e-01
2.190000e-01 0.0 7.810000e-01
-5.110000e-01 0.0 3.150000e-01
5.210000e-01 0.0 3.840000e-01
-9.770000e-01 0.0 -1.830000e-02
9.540000e-01 0.0 1.370000e-02
5.480000e-02 0.0 -2.830000e-01
8.220000e-01 0.0 1.370000e-02
-1.370000e-02 0.0 -5.840000e-01
-5.800000e-01 0.0 -5.840000e-01
-8.130000e-01 0.0 2.830000e-01
2.880000e-01 0.0 2.510000e-01
-5.110000e-01 0.0 3.840000e-01
-2.470000e-01 0.0 -5.840000e-01
2.560000e-01 0.0 7.810000e-01
8.540000e-01 0.0 3.840000e-01
-3.110000e-01 0.0 3.840000e-01
-6.760000e-01 0.0 -2.830000e-01
-1.460000e-01 0.0 3.840000e-01
-6.120000e-01 0.0 2.830000e-01
5.530000e-01 0.0 2.510000e-01
3.200000e-01 0.0 2.510000e-01
-9.090000e-01 0.0 2.510000e-01
8.540000e-01 0.0 3.150000e-01
2.880000e-01 0.0 7.810000e-01
-3.470000e-01 0.0 -1.830000e-02
1.550000e-01 0.0 -3.520000e-01
4.200000e-01 0.0 3.840000e-01
-4.430000e-01 0.0 -1.830000e-02
8.680000e-02 0.0 2.830000e-01
1.230000e-01 0.0 3.840000e-01
3.200000e-01 0.0 7.810000e-01
9.540000e-01 0.0 2.510000e-01
3.200000e-01 0.0 -5.840000e-01
6.530000e-01 0.0 3.470000e-01
-4.570000e-02 0.0 -5.840000e-01
-7.760000e-02 0.0 3.840000e-01
7.210000e-01 0.0 2.150000e-01
-4.790000e-01 0.0 2.830000e-01
4.570000e-01 0.0 2.510000e-01
3.200000e-01 0.0 -8.810000e-01
8.540000e-01 0.0 -1.830000e-02
3.560000e-01 0.0 7.810000e-01
-3.790000e-01 0.0 2.830000e-01
-1.460000e-01 0.0 2.510000e-01
-8.130000e-01 0.0 1.370000e-02
-4.790000e-01 0.0 3.840000e-01
-1.100000e-01 0.0 -8.810000e-01
6.210000e-01 0.0 -5.480000e-01
4.570000e-01 0.0 3.840000e-01
2.560000e-01 0.0 -3.520000e-01
3.880000e-01 0.0 7.810000e-01
-2.100000e-01 0.0 -5.160000e-01
1.870000e-01 0.0 3.150000e-01
-8.450000e-01 0.0 2.830000e-01
-3.110000e-01 0.0 -5.840000e-01
4.200000e-01 0.0 7.810000e-01
-5.430000e-01 0.0 3.840000e-01
-6.440000e-01 0.0 3.840000e-01
-7.760000e-02 0.0 3.470000e-01
1.230000e-01 0.0 -8.490000e-01
3.560000e-01 0.0 2.830000e-01
3.200000e-01 0.0 1.370000e-02
2.880000e-01 0.0 -3.520000e-01
-6.120000e-01 0.0 3.840000e-01
3.880000e-01 0.0 1.370000e-02
-2.100000e-01 0.0 3.150000e-01
4.570000e-01 0.0 7.810000e-01
5.210000e-01 0.0 1.370000e-02
-9.770000e-01 0.0 1.370000e-02
2.880000e-01 0.0 1.370000e-02
-6.440000e-01 0.0 2.830000e-01
4.570000e-01 0.0 1.370000e-02
3.200000e-01 0.0 -8.490000e-01
4.890000e-01 0.0 2.150000e-01
-7.440000e-01 0.0 3.840000e-01
4.890000e-01 0.0 7.810000e-01
-5.110000e-01 0.0 1.370000e-02
-9.450000e-01 0.0 -2.830000e-01
4.200000e-01 0.0 1.370000e-02
2.560000e-01 0.0 -5.840000e-01
3.880000e-01 0.0 -3.520000e-01
1.550000e-01 0.0 -2.510000e-01
-7.120000e-01 0.0 3.150000e-01
-2.100000e-01 0.0 -8.490000e-01
5.210000e-01 0.0 7.810000e-01
1.870000e-01 0.0 3.840000e-01
9.860000e-01 0.0 1.370000e-02
-5.430000e-01 0.0 -1.830000e-02
-8.130000e-01 0.0 2.510000e-01
-4.570000e-02 0.0 1.370000e-02
5.480000e-02 0.0 1.370000e-02
6.530000e-01 0.0 3.840000e-01
5.890000e-01 0.0 2.150000e-01
2.190000e-01 0.0 1.370000e-02
-3.790000e-01 0.0 -3.150000e-01
4.200000e-01 0.0 -3.520000e-01
6.890000e-01 0.0 -5.480000e-01
3.560000e-01 0.0 -1.830000e-02
-4.110000e-01 0.0 1.370000e-02
-6.120000e-01 0.0 -3.150000e-01
-7.440000e-01 0.0 2.830000e-01
4.570000e-01 0.0 -5.840000e-01
2.560000e-01 0.0 1.370000e-02
-1.370000e-02 0.0 2.510000e-01
-5.110000e-01 0.0 2.830000e-01
6.530000e-01 0.0 2.150000e-01
7.850000e-01 0.0 -1.830000e-02
4.200000e-01 0.0 -5.480000e-01
-5.800000e-01 0.0 -2.830000e-01
4.890000e-01 0.0 -8.490000e-01
5.890000e-01 0.0 3.470000e-01
3.880000e-01 0.0 3.840000e-01
6.890000e-01 0.0 2.150000e-01
7.210000e-01 0.0 -5.480000e-01
2.560000e-01 0.0 3.150000e-01
6.210000e-01 0.0 5.480000e-01
8.680000e-02 0.0 1.370000e-02
-3.110000e-01 0.0 -2.830000e-01
-7.120000e-01 0.0 3.840000e-01
5.480000e-02 0.0 2.510000e-01
7.530000e-01 0.0 2.830000e-01
7.850000e-01 0.0 1.370000e-02
3.560000e-01 0.0 3.840000e-01
4.890000e-01 0.0 5.480000e-01
3.560000e-01 0.0 -8.490000e-01
2.880000e-01 0.0 -8.490000e-01
-1.460000e-01 0.0 1.370000e-02
-7.760000e-01 0.0 2.510000e-01
7.850000e-01 0.0 5.480000e-01
-9.090000e-01 0.0 3.150000e-01
-2.100000e-01 0.0 1.370000e-02
-9.090000e-01 0.0 3.840000e-01
-7.760000e-01 0.0 1.370000e-02
7.850000e-01 0.0 3.840000e-01
-3.470000e-01 0.0 -5.160000e-01
6.210000e-01 0.0 -3.520000e-01
2.880000e-01 0.0 -5.480000e-01
-1.460000e-01 0.0 -8.490000e-01
7.850000e-01 0.0 -2.510000e-01
-2.470000e-01 0.0 -2.510000e-01
7.530000e-01 0.0 2.150000e-01
6.530000e-01 0.0 -2.510000e-01
-5.430000e-01 0.0 -5.840000e-01
6.890000e-01 0.0 -3.520000e-01
-1.370000e-02 0.0 1.370000e-02
-1.460000e-01 0.0 5.480000e-01
-8.130000e-01 0.0 3.150000e-01
3.560000e-01 0.0 -2.510000e-01
-6.120000e-01 0.0 -2.510000e-01
2.880000e-01 0.0 3.470000e-01
5.890000e-01 0.0 -5.480000e-01
4.200000e-01 0.0 -5.840000e-01
-4.570000e-02 0.0 -5.480000e-01
-3.790000e-01 0.0 3.840000e-01
-2.470000e-01 0.0 3.840000e-01
2.880000e-01 0.0 5.480000e-01
-5.800000e-01 0.0 3.150000e-01
4.890000e-01 0.0 2.830000e-01
-6.760000e-01 0.0 1.370000e-02
-4.430000e-01 0.0 -8.810000e-01
1.550000e-01 0.0 5.480000e-01
-3.790000e-01 0.0 -8.490000e-01
5.530000e-01 0.0 -5.480000e-01
-8.770000e-01 0.0 3.840000e-01
3.200000e-01 0.0 -5.480000e-01
3.200000e-01 0.0 2.830000e-01
-3.790000e-01 0.0 -5.480000e-01
2.560000e-01 0.0 -5.480000e-01
-4.790000e-01 0.0 -2.510000e-01
-5.430000e-01 0.0 2.510000e-01
-6.440000e-01 0.0 -5.840000e-01
1.870000e-01 0.0 1.370000e-02
5.480000e-02 0.0 -8.490000e-01
-6.120000e-01 0.0 5.480000e-01
-1.370000e-02 0.0 3.840000e-01
-7.120000e-01 0.0 1.370000e-02
-3.790000e-01 0.0 -2.510000e-01
-2.100000e-01 0.0 5.480000e-01
6.210000e-01 0.0 -1.830000e-02
8.540000e-01 0.0 -3.520000e-01
5.530000e-01 0.0 -2.510000e-01
2.560000e-01 0.0 -8.490000e-01
-2.790000e-01 0.0 3.150000e-01
5.890000e-01 0.0 1.370000e-02
-7.760000e-02 0.0 -8.490000e-01
-5.800000e-01 0.0 5.480000e-01
-1.780000e-01 0.0 -2.510000e-01
7.530000e-01 0.0 -5.480000e-01
-4.430000e-01 0.0 -8.490000e-01
2.190000e-01 0.0 5.480000e-01
-1.460000e-01 0.0 -2.830000e-01
4.570000e-01 0.0 -2.510000e-01
5.890000e-01 0.0 3.840000e-01
-5.800000e-01 0.0 1.370000e-02
-1.370000e-02 0.0 -2.510000e-01
6.890000e-01 0.0 3.840000e-01
-9.090000e-01 0.0 1.370000e-02
-3.110000e-01 0.0 -2.510000e-01
1.550000e-01 0.0 1.370000e-02
1.550000e-01 0.0 -5.480000e-01
8.540000e-01 0.0 -2.510000e-01
7.210000e-01 0.0 -2.510000e-01
-9.090000e-01 0.0 -3.520000e-01
-3.470000e-01 0.0 -8.490000e-01
-9.450000e-01 0.0 2.150000e-01
-4.110000e-01 0.0 -8.490000e-01
-8.770000e-01 0.0 -3.520000e-01
-4.790000e-01 0.0 -8.490000e-01
-8.450000e-01 0.0 -2.510000e-01
9.220000e-01 0.0 -2.510000e-01
5.210000e-01 0.0 -5.480000e-01
2.560000e-01 0.0 -2.510000e-01
-8.450000e-01 0.0 3.150000e-01
-8.450000e-01 0.0 -3.520000e-01
7.530000e-01 0.0 -2.510000e-01
7.210000e-01 0.0 4.160000e-01
-4.430000e-01 0.0 -2.830000e-01
-5.430000e-01 0.0 -5.480000e-01
8.860000e-01 0.0 1.370000e-02
-8.130000e-01 0.0 -3.520000e-01
3.560000e-01 0.0 1.370000e-02
-5.110000e-01 0.0 5.480000e-01
-1.100000e-01 0.0 -5.480000e-01
-2.790000e-01 0.0 -2.830000e-01
-7.120000e-01 0.0 -2.510000e-01
3.880000e-01 0.0 -8.490000e-01
-7.760000e-01 0.0 -3.520000e-01
-6.760000e-01 0.0 -5.480000e-01
8.680000e-02 0.0 -8.490000e-01
5.210000e-01 0.0 -8.490000e-01
-2.790000e-01 0.0 1.370000e-02
-9.090000e-01 0.0 -2.510000e-01
-5.800000e-01 0.0 -5.480000e-01
2.560000e-01 0.0 3.840000e-01
6.210000e-01 0.0 3.840000e-01
8.540000e-01 0.0 4.160000e-01
-6.120000e-01 0.0 7.810000e-01
-7.120000e-01 0.0 -3.520000e-01
4.890000e-01 0.0 4.160000e-01
-7.760000e-01 0.0 3.150000e-01
6.890000e-01 0.0 5.480000e-01
7.210000e-01 0.0 2.510000e-01
-5.800000e-01 0.0 7.810000e-01
-8.130000e-01 0.0 -5.480000e-01
-2.790000e-01 0.0 4.160000e-01
2.280000e-02 0.0 4.160000e-01
1.230000e-01 0.0 -2.830000e-01
-1.370000e-02 0.0 -8.490000e-01
-2.100000e-01 0.0 3.840000e-01
-3.790000e-01 0.0 -9.180000e-01
5.480000e-02 0.0 3.840000e-01
2.280000e-02 0.0 1.370000e-02
-5.430000e-01 0.0 7.810000e-01
2.190000e-01 0.0 -2.830000e-01
-5.110000e-01 0.0 4.160000e-01
4.890000e-01 0.0 1.370000e-02
-1.780000e-01 0.0 -5.480000e-01
-6.440000e-01 0.0 -3.520000e-01
8.680000e-02 0.0 5.480000e-01
2.190000e-01 0.0 -8.490000e-01
-3.470000e-01 0.0 -9.180000e-01
2.280000e-02 0.0 -8.490000e-01
-6.120000e-01 0.0 -5.480000e-01
-1.100000e-01 0.0 5.480000e-01
-7.440000e-01 0.0 -5.480000e-01
-3.790000e-01 0.0 -2.830000e-01
-2.790000e-01 0.0 -2.510000e-01
-6.120000e-01 0.0 -3.520000e-01
-1.100000e-01 0.0 -2.510000e-01
-1.780000e-01 0.0 5.800000e-01
-8.450000e-01 0.0 4.160000e-01
-5.800000e-01 0.0 4.160000e-01
6.530000e-01 0.0 2.830000e-01
-1.100000e-01 0.0 1.370000e-02
-7.760000e-01 0.0 -2.510000e-01
-5.430000e-01 0.0 5.480000e-01
8.680000e-02 0.0 -5.840000e-01
-5.800000e-01 0.0 -3.520000e-01
1.870000e-01 0.0 -5.480000e-01
8.680000e-02 0.0 -5.480000e-01
-5.110000e-01 0.0 -5.480000e-01
-1.370000e-02 0.0 -5.480000e-01
5.530000e-01 0.0 3.840000e-01
-5.430000e-01 0.0 1.370000e-02
2.280000e-02 0.0 5.480000e-01
-5.430000e-01 0.0 5.800000e-01
7.850000e-01 0.0 -5.840000e-01
-2.790000e-01 0.0 -9.180000e-01
6.890000e-01 0.0 4.160000e-01
-2.100000e-01 0.0 -5.480000e-01
-8.770000e-01 0.0 2.830000e-01
-4.110000e-01 0.0 -5.480000e-01
1.230000e-01 0.0 -5.480000e-01
-5.430000e-01 0.0 -3.520000e-01
5.210000e-01 0.0 -2.510000e-01
5.890000e-01 0.0 -2.510000e-01
-8.770000e-01 0.0 -2.510000e-01
4.570000e-01 0.0 3.150000e-01
2.280000e-02 0.0 -5.480000e-01
-6.760000e-01 0.0 -2.510000e-01
1.550000e-01 0.0 -8.490000e-01
-2.470000e-01 0.0 -9.180000e-01
2.190000e-01 0.0 3.840000e-01
-5.110000e-01 0.0 -3.520000e-01
3.560000e-01 0.0 5.480000e-01
2.190000e-01 0.0 4.160000e-01
7.530000e-01 0.0 5.800000e-01
2.560000e-01 0.0 5.480000e-01
-1.780000e-01 0.0 -8.490000e-01
1.870000e-01 0.0 -8.490000e-01
1.870000e-01 0.0 4.160000e-01
7.530000e-01 0.0 1.830000e-02
1.550000e-01 0.0 4.160000e-01
-7.760000e-01 0.0 -5.840000e-01
-4.790000e-01 0.0 -3.520000e-01
-2.100000e-01 0.0 -9.180000e-01
3.880000e-01 0.0 5.800000e-01
-7.760000e-02 0.0 -2.510000e-01
-1.780000e-01 0.0 4.160000e-01
-2.100000e-01 0.0 4.160000e-01
-5.800000e-01 0.0 2.150000e-01
-8.450000e-01 0.0 1.370000e-02
7.850000e-01 0.0 -5.480000e-01
-2.100000e-01 0.0 -2.510000e-01
2.560000e-01 0.0 5.800000e-01
-7.760000e-02 0.0 5.480000e-01
6.890000e-01 0.0 -2.510000e-01
-3.110000e-01 0.0 1.370000e-02
-4.430000e-01 0.0 -3.520000e-01
-4.790000e-01 0.0 4.160000e-01
7.210000e-01 0.0 5.480000e-01
-8.130000e-01 0.0 5.480000e-01
-5.430000e-01 0.0 -2.510000e-01
3.560000e-01 0.0 -5.480000e-01
-4.110000e-01 0.0 5.480000e-01
6.530000e-01 0.0 1.370000e-02
-1.100000e-01 0.0 4.160000e-01
3.560000e-01 0.0 5.800000e-01
-4.570000e-02 0.0 -2.510000e-01
-3.470000e-01 0.0 5.480000e-01
-1.780000e-01 0.0 5.480000e-01
-7.440000e-01 0.0 1.370000e-02
-3.790000e-01 0.0 4.160000e-01
-1.100000e-01 0.0 -8.490000e-01
3.200000e-01 0.0 -2.510000e-01
-4.110000e-01 0.0 -2.510000e-01
-4.570000e-02 0.0 5.800000e-01
-5.110000e-01 0.0 2.150000e-01
-4.430000e-01 0.0 -5.480000e-01
-4.430000e-01 0.0 5.480000e-01
5.890000e-01 0.0 5.480000e-01
-4.110000e-01 0.0 5.800000e-01
7.850000e-01 0.0 -2.830000e-01
-2.470000e-01 0.0 1.370000e-02
-4.430000e-01 0.0 -2.510000e-01
3.880000e-01 0.0 4.160000e-01
3.200000e-01 0.0 4.160000e-01
-5.110000e-01 0.0 -2.510000e-01
-7.440000e-01 0.0 4.160000e-01
-8.770000e-01 0.0 4.160000e-01
-4.790000e-01 0.0 2.150000e-01
-6.440000e-01 0.0 2.510000e-01
4.200000e-01 0.0 4.160000e-01
-7.120000e-01 0.0 5.800000e-01
-6.120000e-01 0.0 3.150000e-01
-8.450000e-01 0.0 3.840000e-01
7.850000e-01 0.0 4.160000e-01
-3.470000e-01 0.0 -3.520000e-01
-6.120000e-01 0.0 1.370000e-02
6.210000e-01 0.0 5.800000e-01
5.530000e-01 0.0 5.800000e-01
2.190000e-01 0.0 5.800000e-01
3.560000e-01 0.0 3.150000e-01
-7.760000e-02 0.0 -9.180000e-01
-4.430000e-01 0.0 2.150000e-01
6.890000e-01 0.0 5.800000e-01
-2.470000e-01 0.0 4.160000e-01
8.220000e-01 0.0 4.160000e-01
-3.110000e-01 0.0 4.160000e-01
9.220000e-01 0.0 1.370000e-02
-3.420000e-01 0.0 4.160000e-01
3.880000e-01 0.0 -5.480000e-01
-4.110000e-01 0.0 4.160000e-01
3.200000e-01 0.0 5.800000e-01
-3.110000e-01 0.0 5.800000e-01
-1.370000e-02 0.0 5.480000e-01
5.210000e-01 0.0 5.800000e-01
-4.570000e-02 0.0 -9.180000e-01
6.210000e-01 0.0 1.140000e-01
7.530000e-01 0.0 3.840000e-01
-4.110000e-01 0.0 2.150000e-01
-3.790000e-01 0.0 5.800000e-01
-9.450000e-01 0.0 1.370000e-02
6.210000e-01 0.0 -2.830000e-01
3.560000e-01 0.0 8.220000e-02
5.480000e-02 0.0 5.480000e-01
4.890000e-01 0.0 -5.480000e-01
-6.120000e-01 0.0 5.800000e-01
5.890000e-01 0.0 4.160000e-01
-2.470000e-01 0.0 5.480000e-01
-1.370000e-02 0.0 -9.180000e-01
-2.470000e-01 0.0 -3.520000e-01
-4.430000e-01 0.0 1.370000e-02
-7.760000e-02 0.0 8.490000e-01
4.200000e-01 0.0 8.220000e-02
2.190000e-01 0.0 -2.510000e-01
7.850000e-01 0.0 5.800000e-01
2.190000e-01 0.0 -5.480000e-01
-4.790000e-01 0.0 1.370000e-02
8.680000e-02 0.0 -2.510000e-01
-4.570000e-02 0.0 8.490000e-01
-3.420000e-01 0.0 1.370000e-02
7.210000e-01 0.0 5.800000e-01
-1.370000e-02 0.0 5.800000e-01
5.480000e-02 0.0 -2.510000e-01
-2.100000e-01 0.0 -3.520000e-01
2.280000e-02 0.0 -9.180000e-01
1.230000e-01 0.0 8.170000e-01
1.230000e-01 0.0 -8.170000e-01
5.480000e-02 0.0 -8.170000e-01
-3.470000e-01 0.0 2.150000e-01
-7.760000e-01 0.0 -5.480000e-01
5.890000e-01 0.0 5.800000e-01
4.570000e-01 0.0 -5.480000e-01
7.850000e-01 0.0 5.020000e-02
-8.130000e-01 0.0 8.220000e-02
-6.760000e-01 0.0 5.800000e-01
1.550000e-01 0.0 5.800000e-01
-6.440000e-01 0.0 -2.510000e-01
-1.100000e-01 0.0 3.840000e-01
1.230000e-01 0.0 4.160000e-01
5.480000e-02 0.0 5.800000e-01
-7.440000e-01 0.0 1.140000e-01
2.560000e-01 0.0 -8.170000e-01
-3.110000e-01 0.0 2.150000e-01
1.870000e-01 0.0 5.480000e-01
-7.120000e-01 0.0 -5.480000e-01
-4.570000e-02 0.0 -8.490000e-01
5.480000e-02 0.0 -5.480000e-01
4.890000e-01 0.0 -2.510000e-01
-7.120000e-01 0.0 5.480000e-01
3.200000e-01 0.0 -8.170000e-01
5.210000e-01 0.0 5.480000e-01
-7.760000e-01 0.0 4.160000e-01
-8.770000e-01 0.0 1.370000e-02
-6.120000e-01 0.0 -1.830000e-02
8.680000e-02 0.0 -9.180000e-01
2.280000e-02 0.0 5.800000e-01
-1.460000e-01 0.0 8.220000e-02
7.210000e-01 0.0 -2.190000e-01
8.220000e-01 0.0 -2.510000e-01
6.890000e-01 0.0 5.020000e-02
-1.100000e-01 0.0 -3.520000e-01
6.890000e-01 0.0 3.150000e-01
5.530000e-01 0.0 5.020000e-02
2.880000e-01 0.0 4.160000e-01
4.890000e-01 0.0 -8.170000e-01
1.550000e-01 0.0 -5.840000e-01
-5.110000e-01 0.0 5.020000e-02
4.200000e-01 0.0 5.480000e-01
5.890000e-01 0.0 -2.190000e-01
-5.430000e-01 0.0 5.020000e-02
1.230000e-01 0.0 5.480000e-01
-7.760000e-02 0.0 4.160000e-01
-4.790000e-01 0.0 5.800000e-01
-3.110000e-01 0.0 5.020000e-02
4.570000e-01 0.0 -8.490000e-01
6.530000e-01 0.0 5.800000e-01
8.860000e-01 0.0 -2.510000e-01
-4.110000e-01 0.0 -8.170000e-01
-4.430000e-01 0.0 8.170000e-01
3.880000e-01 0.0 5.480000e-01
5.480000e-02 0.0 8.170000e-01
-7.760000e-02 0.0 -5.480000e-01
-7.760000e-02 0.0 -2.190000e-01
4.200000e-01 0.0 -2.510000e-01
-4.570000e-02 0.0 -3.520000e-01
-3.470000e-01 0.0 -2.510000e-01
-2.100000e-01 0.0 -8.170000e-01
-1.460000e-01 0.0 4.160000e-01
-2.790000e-01 0.0 -8.170000e-01
8.680000e-02 0.0 4.160000e-01
-3.790000e-01 0.0 1.370000e-02
9.860000e-01 0.0 5.020000e-02
-6.440000e-01 0.0 -5.480000e-01
-8.130000e-01 0.0 4.160000e-01
7.530000e-01 0.0 5.480000e-01
-5.800000e-01 0.0 5.800000e-01
-1.370000e-02 0.0 -3.520000e-01
-2.100000e-01 0.0 5.800000e-01
-5.430000e-01 0.0 4.160000e-01
8.220000e-01 0.0 3.840000e-01
1.870000e-01 0.0 -9.180000e-01
6.210000e-01 0.0 5.020000e-02
2.190000e-01 0.0 8.170000e-01
5.210000e-01 0.0 -5.160000e-01
-3.110000e-01 0.0 -8.490000e-01
-4.430000e-01 0.0 5.020000e-02
9.220000e-01 0.0 3.840000e-01
8.860000e-01 0.0 5.020000e-02
-8.450000e-01 0.0 -2.190000e-01
-2.470000e-01 0.0 -5.480000e-01
2.190000e-01 0.0 -9.180000e-01
1.550000e-01 0.0 8.170000e-01
-7.440000e-01 0.0 5.480000e-01
1.870000e-01 0.0 -5.160000e-01
3.880000e-01 0.0 5.020000e-02
-1.460000e-01 0.0 2.150000e-01
3.200000e-01 0.0 8.170000e-01
2.280000e-02 0.0 -2.510000e-01
8.860000e-01 0.0 -2.190000e-01
2.880000e-01 0.0 5.800000e-01
7.530000e-01 0.0 4.160000e-01
-4.570000e-02 0.0 4.160000e-01
5.480000e-02 0.0 -3.520000e-01
-6.760000e-01 0.0 5.020000e-02
1.230000e-01 0.0 5.020000e-02
-1.100000e-01 0.0 2.150000e-01
-7.440000e-01 0.0 5.800000e-01
1.230000e-01 0.0 5.800000e-01
-4.430000e-01 0.0 4.160000e-01
-7.760000e-02 0.0 5.800000e-01
4.890000e-01 0.0 8.170000e-01
6.530000e-01 0.0 -2.190000e-01
8.860000e-01 0.0 4.160000e-01
1.550000e-01 0.0 5.020000e-02
8.680000e-02 0.0 -3.520000e-01
-1.370000e-02 0.0 8.170000e-01
3.880000e-01 0.0 -2.510000e-01
-3.790000e-01 0.0 -5.160000e-01
-3.110000e-01 0.0 -5.480000e-01
-2.790000e-01 0.0 -8.490000e-01
-7.760000e-02 0.0 5.020000e-02
2.880000e-01 0.0 -9.180000e-01
-7.760000e-02 0.0 2.150000e-01
-5.110000e-01 0.0 -5.160000e-01
-7.760000e-01 0.0 5.800000e-01
1.230000e-01 0.0 -3.520000e-01
-2.470000e-01 0.0 5.020000e-02
-2.790000e-01 0.0 8.170000e-01
-1.100000e-01 0.0 8.170000e-01
-3.420000e-01 0.0 8.170000e-01
1.550000e-01 0.0 -8.170000e-01
3.880000e-01 0.0 -8.170000e-01
-5.800000e-01 0.0 -5.160000e-01
3.880000e-01 0.0 8.170000e-01
-7.440000e-01 0.0 5.020000e-02
-4.570000e-02 0.0 2.150000e-01
5.530000e-01 0.0 -5.160000e-01
4.890000e-01 0.0 -2.190000e-01
-7.760000e-02 0.0 -8.170000e-01
-3.420000e-01 0.0 -5.480000e-01
2.190000e-01 0.0 5.020000e-02
-3.110000e-01 0.0 8.170000e-01
-4.790000e-01 0.0 5.020000e-02
5.480000e-02 0.0 5.020000e-02
-4.110000e-01 0.0 8.170000e-01
3.560000e-01 0.0 4.160000e-01
5.530000e-01 0.0 5.480000e-01
1.870000e-01 0.0 -3.520000e-01
5.210000e-01 0.0 -8.170000e-01
1.870000e-01 0.0 -2.510000e-01
-3.110000e-01 0.0 -2.190000e-01
3.880000e-01 0.0 -5.160000e-01
-4.570000e-02 0.0 -8.170000e-01
1.230000e-01 0.0 1.370000e-02
1.870000e-01 0.0 8.170000e-01
-4.790000e-01 0.0 -8.170000e-01
-4.430000e-01 0.0 -5.840000e-01
-5.430000e-01 0.0 -2.190000e-01
-8.130000e-01 0.0 5.020000e-02
8.220000e-01 0.0 5.480000e-01
2.190000e-01 0.0 -3.520000e-01
-8.130000e-01 0.0 -2.190000e-01
4.200000e-01 0.0 5.020000e-02
3.880000e-01 0.0 -9.180000e-01
7.530000e-01 0.0 3.150000e-01
2.280000e-02 0.0 2.150000e-01
-2.470000e-01 0.0 8.170000e-01
-2.470000e-01 0.0 5.800000e-01
5.210000e-01 0.0 8.170000e-01
4.570000e-01 0.0 5.800000e-01
-2.470000e-01 0.0 -8.170000e-01
6.530000e-01 0.0 -5.480000e-01
5.480000e-02 0.0 4.160000e-01
3.200000e-01 0.0 5.480000e-01
-5.110000e-01 0.0 -8.490000e-01
-7.120000e-01 0.0 4.160000e-01
5.890000e-01 0.0 -5.160000e-01
4.890000e-01 0.0 -5.160000e-01
-8.130000e-01 0.0 -2.510000e-01
-1.100000e-01 0.0 -5.160000e-01
-9.090000e-01 0.0 -2.190000e-01
-7.440000e-01 0.0 -2.510000e-01
8.680000e-02 0.0 5.800000e-01
-2.100000e-01 0.0 5.020000e-02
-3.420000e-01 0.0 5.800000e-01
2.280000e-02 0.0 -5.160000e-01
8.680000e-02 0.0 2.150000e-01
4.570000e-01 0.0 -5.160000e-01
5.210000e-01 0.0 5.020000e-02
-3.470000e-01 0.0 -2.190000e-01
2.560000e-01 0.0 -5.160000e-01
8.540000e-01 0.0 -2.190000e-01
3.200000e-01 0.0 -3.520000e-01
-5.800000e-01 0.0 5.020000e-02
-4.110000e-01 0.0 5.020000e-02
-1.460000e-01 0.0 5.020000e-02
2.190000e-01 0.0 -8.170000e-01
1.230000e-01 0.0 2.150000e-01
3.560000e-01 0.0 -3.520000e-01
-4.570000e-02 0.0 -2.830000e-01
-4.430000e-01 0.0 5.800000e-01
-1.780000e-01 0.0 8.170000e-01
6.530000e-01 0.0 6.480000e-01
-9.450000e-01 0.0 -2.510000e-01
-2.790000e-01 0.0 -5.160000e-01
-1.370000e-02 0.0 4.160000e-01
2.880000e-01 0.0 -2.190000e-01
2.560000e-01 0.0 -2.190000e-01
5.890000e-01 0.0 6.480000e-01
9.540000e-01 0.0 5.020000e-02
-7.120000e-01 0.0 -2.190000e-01
-5.110000e-01 0.0 -8.170000e-01
1.550000e-01 0.0 2.150000e-01
1.870000e-01 0.0 4.470000e-01
-1.370000e-02 0.0 -2.190000e-01
8.540000e-01 0.0 5.020000e-02
2.880000e-01 0.0 5.020000e-02
-1.780000e-01 0.0 -2.190000e-01
-3.110000e-01 0.0 4.470000e-01
4.570000e-01 0.0 5.480000e-01
-4.110000e-01 0.0 -5.160000e-01
-6.440000e-01 0.0 4.160000e-01
5.890000e-01 0.0 4.470000e-01
6.890000e-01 0.0 -2.190000e-01
2.190000e-01 0.0 -5.160000e-01
4.570000e-01 0.0 8.170000e-01
-2.790000e-01 0.0 -2.190000e-01
6.530000e-01 0.0 4.160000e-01
3.560000e-01 0.0 8.170000e-01
-9.090000e-01 0.0 5.020000e-02
4.570000e-01 0.0 -3.520000e-01
-1.100000e-01 0.0 5.800000e-01
-4.570000e-02 0.0 5.020000e-02
7.850000e-01 0.0 -5.160000e-01
1.550000e-01 0.0 3.150000e-01
2.190000e-01 0.0 2.150000e-01
-3.110000e-01 0.0 -8.170000e-01
-2.470000e-01 0.0 6.480000e-01
-1.370000e-02 0.0 5.020000e-02
4.890000e-01 0.0 -3.520000e-01
-1.780000e-01 0.0 5.020000e-02
-2.100000e-01 0.0 -2.190000e-01
-3.470000e-01 0.0 8.810000e-01
-6.760000e-01 0.0 5.480000e-01
2.560000e-01 0.0 2.150000e-01
6.210000e-01 0.0 4.160000e-01
5.210000e-01 0.0 -3.520000e-01
1.550000e-01 0.0 4.470000e-01
-6.760000e-01 0.0 -2.190000e-01
-6.760000e-01 0.0 6.480000e-01
-3.790000e-01 0.0 -2.190000e-01
-8.450000e-01 0.0 5.020000e-02
-4.110000e-01 0.0 -2.190000e-01
2.560000e-01 0.0 5.020000e-02
2.880000e-01 0.0 2.150000e-01
-2.790000e-01 0.0 4.470000e-01
-1.780000e-01 0.0 -8.170000e-01
-7.760000e-01 0.0 -5.160000e-01
-9.450000e-01 0.0 5.020000e-02
2.880000e-01 0.0 -8.170000e-01
7.530000e-01 0.0 4.470000e-01
8.680000e-02 0.0 -2.190000e-01
5.530000e-01 0.0 -8.170000e-01
4.570000e-01 0.0 6.480000e-01
5.890000e-01 0.0 -3.520000e-01
3.200000e-01 0.0 2.150000e-01
2.880000e-01 0.0 -2.510000e-01
3.880000e-01 0.0 4.470000e-01
3.560000e-01 0.0 4.470000e-01
-3.110000e-01 0.0 5.480000e-01
2.880000e-01 0.0 4.470000e-01
7.210000e-01 0.0 6.160000e-01
8.220000e-01 0.0 5.020000e-02
3.560000e-01 0.0 -2.190000e-01
-4.790000e-01 0.0 8.170000e-01
-2.790000e-01 0.0 -5.480000e-01
3.880000e-01 0.0 -2.190000e-01
-2.790000e-01 0.0 5.800000e-01
5.530000e-01 0.0 7.810000e-01
3.880000e-01 0.0 8.810000e-01
-4.790000e-01 0.0 5.480000e-01
-7.760000e-02 0.0 4.470000e-01
1.870000e-01 0.0 5.020000e-02
2.560000e-01 0.0 8.810000e-01
2.280000e-02 0.0 8.810000e-01
-7.760000e-02 0.0 8.170000e-01
6.530000e-01 0.0 -3.520000e-01
-1.460000e-01 0.0 -8.170000e-01
-5.430000e-01 0.0 4.470000e-01
5.890000e-01 0.0 7.810000e-01
3.880000e-01 0.0 2.150000e-01
5.480000e-02 0.0 6.160000e-01
-3.420000e-01 0.0 4.470000e-01
-4.790000e-01 0.0 -5.480000e-01
6.530000e-01 0.0 4.470000e-01
-7.120000e-01 0.0 6.480000e-01
4.570000e-01 0.0 4.160000e-01
-4.570000e-02 0.0 -2.190000e-01
8.680000e-02 0.0 -8.170000e-01
4.200000e-01 0.0 2.150000e-01
6.210000e-01 0.0 7.810000e-01
5.480000e-02 0.0 -5.160000e-01
7.210000e-01 0.0 -3.520000e-01
-1.780000e-01 0.0 8.810000e-01
-5.800000e-01 0.0 4.470000e-01
-6.120000e-01 0.0 4.470000e-01
4.570000e-01 0.0 2.150000e-01
7.530000e-01 0.0 -3.520000e-01
-3.110000e-01 0.0 6.160000e-01
5.480000e-02 0.0 -2.190000e-01
-6.760000e-01 0.0 4.470000e-01
-3.110000e-01 0.0 8.810000e-01
8.220000e-01 0.0 -5.160000e-01
7.850000e-01 0.0 -3.520000e-01
-1.100000e-01 0.0 -2.190000e-01
-4.430000e-01 0.0 6.160000e-01
4.200000e-01 0.0 -5.160000e-01
-8.130000e-01 0.0 4.470000e-01
2.280000e-02 0.0 -8.170000e-01
-4.570000e-02 0.0 5.480000e-01
8.220000e-01 0.0 -3.520000e-01
-7.120000e-01 0.0 6.160000e-01
1.550000e-01 0.0 -5.160000e-01
1.230000e-01 0.0 6.160000e-01
5.210000e-01 0.0 2.150000e-01
-6.440000e-01 0.0 -5.160000e-01
-5.800000e-01 0.0 -2.510000e-01
8.540000e-01 0.0 4.470000e-01
-6.120000e-01 0.0 -2.190000e-01
6.890000e-01 0.0 1.370000e-02
-8.450000e-01 0.0 5.160000e-01
8.860000e-01 0.0 -3.520000e-01
-7.760000e-01 0.0 5.480000e-01
-4.430000e-01 0.0 4.470000e-01
8.220000e-01 0.0 -5.480000e-01
4.570000e-01 0.0 6.160000e-01
6.210000e-01 0.0 4.470000e-01
9.220000e-01 0.0 -3.520000e-01
-8.770000e-01 0.0 5.020000e-02
3.200000e-01 0.0 4.470000e-01
-4.570000e-02 0.0 -5.160000e-01
7.850000e-01 0.0 -2.190000e-01
7.530000e-01 0.0 5.020000e-02
-1.780000e-01 0.0 4.470000e-01
7.210000e-01 0.0 5.020000e-02
7.210000e-01 0.0 4.470000e-01
-7.440000e-01 0.0 -2.190000e-01
3.200000e-01 0.0 8.810000e-01
8.680000e-02 0.0 8.170000e-01
2.880000e-01 0.0 8.810000e-01
-5.800000e-01 0.0 -2.190000e-01
2.280000e-02 0.0 8.170000e-01
-7.120000e-01 0.0 4.470000e-01
2.190000e-01 0.0 6.160000e-01
-4.570000e-02 0.0 8.810000e-01
3.880000e-01 0.0 6.160000e-01
2.880000e-01 0.0 -5.160000e-01
4.890000e-01 0.0 5.020000e-02
-1.100000e-01 0.0 6.160000e-01
7.850000e-01 0.0 2.150000e-01
-2.790000e-01 0.0 6.160000e-01
-3.790000e-01 0.0 4.470000e-01
8.220000e-01 0.0 2.150000e-01
-2.790000e-01 0.0 8.810000e-01
-1.780000e-01 0.0 6.160000e-01
8.540000e-01 0.0 2.150000e-01
-2.470000e-01 0.0 6.160000e-01
4.200000e-01 0.0 4.470000e-01
8.860000e-01 0.0 2.150000e-01
-7.440000e-01 0.0 4.470000e-01
-3.470000e-01 0.0 6.160000e-01
-4.110000e-01 0.0 8.810000e-01
9.220000e-01 0.0 2.150000e-01
-5.800000e-01 0.0 6.160000e-01
-6.760000e-01 0.0 6.160000e-01
-7.760000e-01 0.0 6.160000e-01
9.540000e-01 0.0 2.150000e-01
6.890000e-01 0.0 4.470000e-01
3.560000e-01 0.0 8.810000e-01
9.540000e-01 0.0 -2.190000e-01
-7.120000e-01 0.0 -5.160000e-01
-1.370000e-02 0.0 6.160000e-01
1.230000e-01 0.0 -2.190000e-01
9.220000e-01 0.0 5.020000e-02
6.530000e-01 0.0 5.020000e-02
7.210000e-01 0.0 -5.160000e-01
2.190000e-01 0.0 8.810000e-01
1.230000e-01 0.0 -5.160000e-01
-7.760000e-02 0.0 6.160000e-01
-4.570000e-02 0.0 6.160000e-01
-1.370000e-02 0.0 -5.160000e-01
5.890000e-01 0.0 6.160000e-01
8.680000e-02 0.0 4.470000e-01
-7.120000e-01 0.0 5.020000e-02
-7.440000e-01 0.0 -5.160000e-01
2.280000e-02 0.0 -2.190000e-01
-1.370000e-02 0.0 8.810000e-01
-1.460000e-01 0.0 -2.510000e-01
2.190000e-01 0.0 -7.850000e-01
-2.470000e-01 0.0 4.470000e-01
4.890000e-01 0.0 5.800000e-01
-1.780000e-01 0.0 -7.850000e-01
-2.100000e-01 0.0 4.470000e-01
1.550000e-01 0.0 8.810000e-01
2.560000e-01 0.0 4.470000e-01
-9.450000e-01 0.0 -2.190000e-01
4.890000e-01 0.0 6.160000e-01
-2.470000e-01 0.0 -8.490000e-01
1.870000e-01 0.0 8.810000e-01
-6.120000e-01 0.0 4.160000e-01
1.230000e-01 0.0 4.470000e-01
-8.770000e-01 0.0 -2.190000e-01
6.530000e-01 0.0 5.480000e-01
5.530000e-01 0.0 4.470000e-01
-5.110000e-01 0.0 5.800000e-01
-3.790000e-01 0.0 5.480000e-01
2.880000e-01 0.0 6.160000e-01
-1.460000e-01 0.0 6.160000e-01
-6.440000e-01 0.0 6.160000e-01
-5.110000e-01 0.0 -2.190000e-01
3.560000e-01 0.0 -8.170000e-01
-6.440000e-01 0.0 -2.190000e-01
8.680000e-02 0.0 -7.850000e-01
-6.760000e-01 0.0 -5.160000e-01
4.200000e-01 0.0 -7.850000e-01
-7.760000e-01 0.0 -2.190000e-01
-8.130000e-01 0.0 -5.160000e-01
-4.430000e-01 0.0 -2.190000e-01
1.230000e-01 0.0 -7.850000e-01
-9.770000e-01 0.0 5.020000e-02
1.870000e-01 0.0 6.160000e-01
6.890000e-01 0.0 6.160000e-01
3.560000e-01 0.0 -1.510000e-01
-3.790000e-01 0.0 8.810000e-01
4.200000e-01 0.0 8.170000e-01
-3.470000e-01 0.0 -8.170000e-01
-3.470000e-01 0.0 -7.850000e-01
6.210000e-01 0.0 -2.190000e-01
-1.780000e-01 0.0 1.370000e-02
1.870000e-01 0.0 -2.190000e-01
-1.370000e-02 0.0 -8.170000e-01
5.530000e-01 0.0 -7.850000e-01
3.200000e-01 0.0 -5.160000e-01
2.560000e-01 0.0 6.160000e-01
-3.110000e-01 0.0 -5.160000e-01
2.280000e-02 0.0 5.020000e-02
1.870000e-01 0.0 5.800000e-01
3.200000e-01 0.0 -7.850000e-01
5.210000e-01 0.0 -7.850000e-01
3.560000e-01 0.0 6.160000e-01
2.280000e-02 0.0 4.470000e-01
-4.430000e-01 0.0 -8.170000e-01
-1.460000e-01 0.0 -7.850000e-01
8.680000e-02 0.0 8.220000e-02
-3.110000e-01 0.0 -1.510000e-01
-5.110000e-01 0.0 8.170000e-01
7.850000e-01 0.0 4.470000e-01
-1.100000e-01 0.0 4.470000e-01
2.280000e-02 0.0 6.160000e-01
-6.120000e-01 0.0 5.020000e-02
-7.440000e-01 0.0 6.160000e-01
-9.090000e-01 0.0 -1.510000e-01
9.540000e-01 0.0 8.220000e-02
3.200000e-01 0.0 5.020000e-02
1.230000e-01 0.0 -1.510000e-01
-7.760000e-02 0.0 -5.160000e-01
5.210000e-01 0.0 -2.190000e-01
4.570000e-01 0.0 -2.190000e-01
2.880000e-01 0.0 8.220000e-02
-2.790000e-01 0.0 8.220000e-02
-4.570000e-02 0.0 8.170000e-01
1.550000e-01 0.0 -2.190000e-01
3.200000e-01 0.0 6.160000e-01
2.560000e-01 0.0 -7.850000e-01
2.280000e-02 0.0 8.490000e-01
8.680000e-02 0.0 8.810000e-01
-1.780000e-01 0.0 -5.160000e-01
5.530000e-01 0.0 6.160000e-01
4.200000e-01 0.0 -8.170000e-01
-1.460000e-01 0.0 -5.160000e-01
9.540000e-01 0.0 -2.510000e-01
-7.760000e-02 0.0 -7.850000e-01
-5.800000e-01 0.0 -7.850000e-01
4.200000e-01 0.0 -1.830000e-01
5.890000e-01 0.0 5.020000e-02
3.560000e-01 0.0 5.020000e-02
1.550000e-01 0.0 8.490000e-01
-4.430000e-01 0.0 -1.510000e-01
3.880000e-01 0.0 -1.830000e-01
5.480000e-02 0.0 4.470000e-01
-1.460000e-01 0.0 8.170000e-01
2.560000e-01 0.0 8.490000e-01
-5.110000e-01 0.0 3.470000e-01
-2.470000e-01 0.0 -2.190000e-01
-4.790000e-01 0.0 6.160000e-01
9.220000e-01 0.0 -2.190000e-01
8.540000e-01 0.0 8.220000e-02
-9.090000e-01 0.0 3.470000e-01
-5.110000e-01 0.0 -7.850000e-01
3.880000e-01 0.0 -7.850000e-01
4.200000e-01 0.0 5.800000e-01
-1.460000e-01 0.0 -2.190000e-01
6.890000e-01 0.0 -1.830000e-01
-4.790000e-01 0.0 -7.850000e-01
8.220000e-01 0.0 -1.830000e-01
8.540000e-01 0.0 -1.830000e-01
8.220000e-01 0.0 4.470000e-01
-4.430000e-01 0.0 -5.160000e-01
5.890000e-01 0.0 -7.850000e-01
-4.110000e-01 0.0 8.490000e-01
3.200000e-01 0.0 8.490000e-01
4.570000e-01 0.0 8.490000e-01
-7.760000e-02 0.0 8.810000e-01
5.530000e-01 0.0 8.170000e-01
1.870000e-01 0.0 -4.840000e-01
-5.110000e-01 0.0 6.160000e-01
-1.370000e-02 0.0 -1.830000e-01
-4.570000e-02 0.0 -7.850000e-01
8.540000e-01 0.0 -5.160000e-01
4.890000e-01 0.0 -1.830000e-01
-4.790000e-01 0.0 -1.830000e-01
-2.470000e-01 0.0 -5.160000e-01
-6.440000e-01 0.0 5.020000e-02
8.860000e-01 0.0 8.220000e-02
2.280000e-02 0.0 -1.830000e-01
5.210000e-01 0.0 8.220000e-02
2.880000e-01 0.0 -1.510000e-01
-3.790000e-01 0.0 -7.850000e-01
-3.110000e-01 0.0 -7.850000e-01
-5.430000e-01 0.0 -8.170000e-01
-4.570000e-02 0.0 4.470000e-01
1.550000e-01 0.0 8.220000e-02
1.550000e-01 0.0 -1.830000e-01
6.530000e-01 0.0 -1.830000e-01
8.220000e-01 0.0 -4.840000e-01
5.890000e-01 0.0 -4.840000e-01
2.880000e-01 0.0 -7.850000e-01
-6.440000e-01 0.0 5.480000e-01
3.560000e-01 0.0 -5.160000e-01
-6.440000e-01 0.0 5.800000e-01
6.210000e-01 0.0 6.160000e-01
-2.100000e-01 0.0 6.160000e-01
-3.790000e-01 0.0 6.160000e-01
-4.790000e-01 0.0 4.470000e-01
-7.760000e-01 0.0 4.470000e-01
2.190000e-01 0.0 -2.190000e-01
8.680000e-02 0.0 -1.830000e-01
-3.790000e-01 0.0 -8.170000e-01
2.880000e-01 0.0 -4.840000e-01
7.530000e-01 0.0 -1.830000e-01
4.200000e-01 0.0 8.490000e-01
-5.430000e-01 0.0 -5.160000e-01
2.190000e-01 0.0 8.220000e-02
-6.440000e-01 0.0 -1.830000e-01
4.200000e-01 0.0 6.160000e-01
-4.570000e-02 0.0 8.220000e-02
4.570000e-01 0.0 -7.850000e-01
9.220000e-01 0.0 -1.830000e-01
7.850000e-01 0.0 -1.830000e-01
-9.090000e-01 0.0 8.220000e-02
1.870000e-01 0.0 -8.170000e-01
5.890000e-01 0.0 8.220000e-02
5.210000e-01 0.0 -1.830000e-01
-2.100000e-01 0.0 -7.850000e-01
-1.370000e-02 0.0 -7.850000e-01
6.890000e-01 0.0 -4.840000e-01
-6.760000e-01 0.0 8.220000e-02
3.560000e-01 0.0 -1.830000e-01
2.280000e-02 0.0 8.220000e-02
4.890000e-01 0.0 4.470000e-01
8.860000e-01 0.0 4.470000e-01
-7.760000e-01 0.0 3.840000e-01
-7.760000e-01 0.0 5.020000e-02
-4.110000e-01 0.0 -1.830000e-01
-3.790000e-01 0.0 8.170000e-01
-9.450000e-01 0.0 8.220000e-02
-2.470000e-01 0.0 -7.850000e-01
1.230000e-01 0.0 8.490000e-01
4.570000e-01 0.0 8.220000e-02
-3.470000e-01 0.0 8.490000e-01
-2.790000e-01 0.0 5.020000e-02
8.540000e-01 0.0 -4.840000e-01
-7.760000e-01 0.0 -4.840000e-01
1.230000e-01 0.0 8.810000e-01
1.550000e-01 0.0 9.130000e-01
-2.790000e-01 0.0 -7.850000e-01
-3.790000e-01 0.0 -4.840000e-01
1.550000e-01 0.0 6.160000e-01
-2.790000e-01 0.0 -4.840000e-01
6.210000e-01 0.0 -5.160000e-01
-1.780000e-01 0.0 -1.830000e-01
2.280000e-02 0.0 -7.850000e-01
4.890000e-01 0.0 8.490000e-01
-1.370000e-02 0.0 4.470000e-01
-2.790000e-01 0.0 8.490000e-01
3.880000e-01 0.0 -4.840000e-01
1.870000e-01 0.0 8.220000e-02
-9.090000e-01 0.0 -1.830000e-01
-5.110000e-01 0.0 4.840000e-01
-1.460000e-01 0.0 4.470000e-01
-1.780000e-01 0.0 8.490000e-01
5.480000e-02 0.0 4.840000e-01
4.200000e-01 0.0 -4.840000e-01
6.530000e-01 0.0 -5.160000e-01
-3.790000e-01 0.0 8.490000e-01
-8.450000e-01 0.0 4.470000e-01
-4.110000e-01 0.0 -7.850000e-01
2.190000e-01 0.0 4.470000e-01
-2.100000e-01 0.0 -4.840000e-01
-5.110000e-01 0.0 8.490000e-01
4.570000e-01 0.0 -8.170000e-01
-2.790000e-01 0.0 5.480000e-01
-7.760000e-01 0.0 8.220000e-02
2.560000e-01 0.0 4.840000e-01
-4.430000e-01 0.0 -1.830000e-01
1.870000e-01 0.0 -7.850000e-01
7.530000e-01 0.0 -5.160000e-01
1.230000e-01 0.0 -4.840000e-01
4.200000e-01 0.0 8.810000e-01
-1.780000e-01 0.0 -4.520000e-01
2.560000e-01 0.0 -4.840000e-01
-7.760000e-01 0.0 -1.830000e-01
-1.370000e-02 0.0 8.490000e-01
4.890000e-01 0.0 8.220000e-02
-8.450000e-01 0.0 -5.160000e-01
-2.470000e-01 0.0 -1.830000e-01
-7.760000e-02 0.0 -1.830000e-01
3.560000e-01 0.0 9.130000e-01
-1.100000e-01 0.0 -8.170000e-01
1.870000e-01 0.0 -1.830000e-01
5.480000e-02 0.0 -4.840000e-01
4.570000e-01 0.0 -4.840000e-01
5.210000e-01 0.0 -4.840000e-01
2.190000e-01 0.0 -1.830000e-01
7.850000e-01 0.0 -4.840000e-01
6.210000e-01 0.0 -1.830000e-01
-8.770000e-01 0.0 -1.830000e-01
-3.790000e-01 0.0 5.020000e-02
-9.450000e-01 0.0 -1.830000e-01
4.200000e-01 0.0 -8.490000e-01
5.530000e-01 0.0 4.840000e-01
8.860000e-01 0.0 -1.830000e-01
7.210000e-01 0.0 8.220000e-02
8.680000e-02 0.0 -5.160000e-01
5.210000e-01 0.0 4.470000e-01
3.560000e-01 0.0 8.490000e-01
-3.110000e-01 0.0 -4.840000e-01
3.880000e-01 0.0 8.220000e-02
2.880000e-01 0.0 -1.830000e-01
-8.450000e-01 0.0 -4.840000e-01
-1.100000e-01 0.0 8.810000e-01
-7.440000e-01 0.0 4.840000e-01
3.560000e-01 0.0 4.840000e-01
2.280000e-02 0.0 -4.840000e-01
2.280000e-02 0.0 6.480000e-01
3.200000e-01 0.0 -2.190000e-01
-5.800000e-01 0.0 -1.830000e-01
2.880000e-01 0.0 8.490000e-01
-7.120000e-01 0.0 -1.830000e-01
8.680000e-02 0.0 6.160000e-01
3.560000e-01 0.0 -7.850000e-01
5.890000e-01 0.0 -1.830000e-01
-1.460000e-01 0.0 8.810000e-01
-1.780000e-01 0.0 9.130000e-01
5.530000e-01 0.0 -2.190000e-01
-4.790000e-01 0.0 -5.160000e-01
8.220000e-01 0.0 8.220000e-02
-7.760000e-01 0.0 4.840000e-01
4.890000e-01 0.0 -4.840000e-01
-5.430000e-01 0.0 -7.850000e-01
-2.470000e-01 0.0 8.810000e-01
-1.100000e-01 0.0 5.020000e-02
3.560000e-01 0.0 -4.840000e-01
-4.110000e-01 0.0 4.470000e-01
3.200000e-01 0.0 8.220000e-02
-8.770000e-01 0.0 4.470000e-01
-1.780000e-01 0.0 4.840000e-01
-1.460000e-01 0.0 8.490000e-01
5.890000e-01 0.0 4.840000e-01
7.210000e-01 0.0 -1.830000e-01
9.220000e-01 0.0 8.220000e-02
-8.130000e-01 0.0 4.840000e-01
4.200000e-01 0.0 -2.190000e-01
-7.440000e-01 0.0 -4.840000e-01
-5.110000e-01 0.0 -4.840000e-01
-1.100000e-01 0.0 -7.850000e-01
-6.440000e-01 0.0 8.220000e-02
4.890000e-01 0.0 -7.850000e-01
-1.100000e-01 0.0 -4.840000e-01
2.280000e-02 0.0 4.840000e-01
-2.790000e-01 0.0 9.130000e-01
-1.780000e-01 0.0 8.220000e-02
-9.770000e-01 0.0 8.220000e-02
-4.790000e-01 0.0 8.220000e-02
5.480000e-02 0.0 8.220000e-02
-7.120000e-01 0.0 -4.840000e-01
7.530000e-01 0.0 -2.190000e-01
-7.760000e-02 0.0 9.130000e-01
7.530000e-01 0.0 4.840000e-01
-4.430000e-01 0.0 8.220000e-02
-2.470000e-01 0.0 8.220000e-02
8.680000e-02 0.0 5.020000e-02
5.480000e-02 0.0 9.130000e-01
3.880000e-01 0.0 9.130000e-01
-1.780000e-01 0.0 -4.840000e-01
7.850000e-01 0.0 8.220000e-02
3.200000e-01 0.0 -1.830000e-01
3.880000e-01 0.0 8.490000e-01
2.560000e-01 0.0 8.170000e-01
-2.470000e-01 0.0 4.840000e-01
-4.430000e-01 0.0 8.490000e-01
5.530000e-01 0.0 -1.830000e-01
7.850000e-01 0.0 4.840000e-01
-2.100000e-01 0.0 -1.830000e-01
6.210000e-01 0.0 8.220000e-02
-2.100000e-01 0.0 8.810000e-01
-1.370000e-02 0.0 9.130000e-01
-1.100000e-01 0.0 6.480000e-01
-1.100000e-01 0.0 8.220000e-02
5.210000e-01 0.0 4.160000e-01
5.480000e-02 0.0 8.810000e-01
5.210000e-01 0.0 6.480000e-01
-2.100000e-01 0.0 8.220000e-02
2.880000e-01 0.0 6.480000e-01
5.210000e-01 0.0 6.160000e-01
-5.430000e-01 0.0 8.170000e-01
6.210000e-01 0.0 4.840000e-01
-5.430000e-01 0.0 8.220000e-02
5.530000e-01 0.0 -4.840000e-01
2.880000e-01 0.0 4.840000e-01
-3.420000e-01 0.0 4.840000e-01
-6.760000e-01 0.0 4.840000e-01
-5.110000e-01 0.0 6.480000e-01
-8.130000e-01 0.0 -1.830000e-01
5.480000e-02 0.0 8.490000e-01
-1.460000e-01 0.0 6.480000e-01
2.880000e-01 0.0 9.130000e-01
2.880000e-01 0.0 8.170000e-01
4.890000e-01 0.0 4.840000e-01
3.880000e-01 0.0 4.840000e-01
-6.440000e-01 0.0 6.480000e-01
9.540000e-01 0.0 -1.830000e-01
-4.570000e-02 0.0 9.130000e-01
8.680000e-02 0.0 4.840000e-01
1.870000e-01 0.0 9.130000e-01
2.190000e-01 0.0 9.130000e-01
-7.760000e-02 0.0 -4.840000e-01
-3.470000e-01 0.0 -4.840000e-01
1.550000e-01 0.0 -7.850000e-01
7.530000e-01 0.0 -4.840000e-01
3.560000e-01 0.0 6.480000e-01
-7.760000e-02 0.0 8.220000e-02
7.210000e-01 0.0 4.840000e-01
7.210000e-01 0.0 -4.840000e-01
-3.110000e-01 0.0 8.220000e-02
-7.440000e-01 0.0 8.220000e-02
-5.430000e-01 0.0 -1.830000e-01
-4.790000e-01 0.0 8.490000e-01
-6.120000e-01 0.0 8.220000e-02
-1.460000e-01 0.0 -4.840000e-01
-3.110000e-01 0.0 -1.830000e-01
2.190000e-01 0.0 -4.840000e-01
4.200000e-01 0.0 6.480000e-01
-3.790000e-01 0.0 8.220000e-02
-5.110000e-01 0.0 -1.830000e-01
6.210000e-01 0.0 -4.840000e-01
-1.460000e-01 0.0 -5.480000e-01
-7.760000e-02 0.0 6.480000e-01
-4.790000e-01 0.0 6.480000e-01
-3.470000e-01 0.0 6.480000e-01
-5.800000e-01 0.0 -4.840000e-01
-1.460000e-01 0.0 9.130000e-01
-1.370000e-02 0.0 -4.840000e-01
-1.370000e-02 0.0 4.840000e-01
6.530000e-01 0.0 4.840000e-01
-1.370000e-02 0.0 6.480000e-01
-6.120000e-01 0.0 -1.830000e-01
-3.110000e-01 0.0 6.480000e-01
-1.460000e-01 0.0 -1.830000e-01
4.570000e-01 0.0 -1.830000e-01
-6.760000e-01 0.0 -1.830000e-01
-2.100000e-01 0.0 6.480000e-01
1.230000e-01 0.0 -1.830000e-01
-3.110000e-01 0.0 9.130000e-01
4.570000e-01 0.0 5.020000e-02
2.880000e-01 0.0 -7.490000e-01
-6.120000e-01 0.0 6.480000e-01
-4.430000e-01 0.0 -4.840000e-01
1.870000e-01 0.0 4.840000e-01
5.530000e-01 0.0 -7.490000e-01
1.550000e-01 0.0 6.480000e-01
5.890000e-01 0.0 -7.490000e-01
6.210000e-01 0.0 -7.850000e-01
8.220000e-01 0.0 -2.190000e-01
5.210000e-01 0.0 -7.490000e-01
1.230000e-01 0.0 -7.490000e-01
6.890000e-01 0.0 6.480000e-01
6.530000e-01 0.0 -4.840000e-01
2.560000e-01 0.0 -7.490000e-01
4.200000e-01 0.0 4.840000e-01
-5.110000e-01 0.0 4.470000e-01
2.190000e-01 0.0 8.490000e-01
-4.570000e-02 0.0 3.470000e-01
-7.120000e-01 0.0 8.220000e-02
8.540000e-01 0.0 4.840000e-01
-1.780000e-01 0.0 6.480000e-01
6.210000e-01 0.0 6.480000e-01
2.560000e-01 0.0 6.480000e-01
-4.110000e-01 0.0 6.480000e-01
4.890000e-01 0.0 6.480000e-01
2.560000e-01 0.0 9.130000e-01
-3.110000e-01 0.0 8.490000e-01
1.550000e-01 0.0 -7.490000e-01
1.230000e-01 0.0 8.220000e-02
2.190000e-01 0.0 1.140000e-01
-1.100000e-01 0.0 4.840000e-01
-8.450000e-01 0.0 8.220000e-02
4.890000e-01 0.0 -7.490000e-01
-1.780000e-01 0.0 1.140000e-01
-7.760000e-02 0.0 9.500000e-01
1.230000e-01 0.0 6.480000e-01
-4.790000e-01 0.0 -4.840000e-01
-6.120000e-01 0.0 6.160000e-01
8.540000e-01 0.0 1.140000e-01
-3.470000e-01 0.0 -1.830000e-01
1.230000e-01 0.0 4.840000e-01
-2.470000e-01 0.0 8.490000e-01
5.480000e-02 0.0 -7.490000e-01
-6.440000e-01 0.0 4.470000e-01
7.850000e-01 0.0 6.160000e-01
-5.800000e-01 0.0 8.220000e-02
8.540000e-01 0.0 5.160000e-01
2.280000e-02 0.0 -1.510000e-01
-3.470000e-01 0.0 8.220000e-02
6.530000e-01 0.0 8.220000e-02
-2.470000e-01 0.0 1.140000e-01
-5.430000e-01 0.0 6.480000e-01
-6.120000e-01 0.0 -7.850000e-01
7.850000e-01 0.0 1.140000e-01
5.480000e-02 0.0 6.480000e-01
-3.790000e-01 0.0 -7.490000e-01
1.870000e-01 0.0 8.490000e-01
-6.120000e-01 0.0 -4.840000e-01
7.530000e-01 0.0 6.160000e-01
-1.100000e-01 0.0 9.130000e-01
7.210000e-01 0.0 6.480000e-01
-4.110000e-01 0.0 -7.490000e-01
8.220000e-01 0.0 -1.510000e-01
2.280000e-02 0.0 9.130000e-01
2.280000e-02 0.0 -7.490000e-01
-1.370000e-02 0.0 8.220000e-02
-3.790000e-01 0.0 9.130000e-01
-4.110000e-01 0.0 -1.510000e-01
-5.430000e-01 0.0 -4.840000e-01
-3.470000e-01 0.0 5.020000e-02
4.570000e-01 0.0 8.810000e-01
-7.760000e-02 0.0 -7.490000e-01
9.220000e-01 0.0 1.140000e-01
4.200000e-01 0.0 -7.490000e-01
-6.120000e-01 0.0 -1.510000e-01
-6.440000e-01 0.0 -4.840000e-01
2.560000e-01 0.0 8.220000e-02
5.530000e-01 0.0 6.480000e-01
-1.100000e-01 0.0 8.490000e-01
3.880000e-01 0.0 -1.510000e-01
2.280000e-02 0.0 9.500000e-01
-3.110000e-01 0.0 -7.490000e-01
-5.430000e-01 0.0 6.160000e-01
9.540000e-01 0.0 1.140000e-01
-3.790000e-01 0.0 6.480000e-01
4.890000e-01 0.0 1.140000e-01
3.200000e-01 0.0 4.840000e-01
-4.430000e-01 0.0 -7.850000e-01
-2.100000e-01 0.0 8.490000e-01
5.530000e-01 0.0 8.220000e-02
2.560000e-01 0.0 9.500000e-01
8.680000e-02 0.0 8.490000e-01
-4.110000e-01 0.0 8.220000e-02
1.550000e-01 0.0 -4.840000e-01
3.200000e-01 0.0 -4.840000e-01
-5.800000e-01 0.0 6.480000e-01
-6.440000e-01 0.0 -7.490000e-01
9.220000e-01 0.0 -1.510000e-01
-5.110000e-01 0.0 -1.510000e-01
-2.790000e-01 0.0 -1.510000e-01
-5.800000e-01 0.0 -7.490000e-01
8.680000e-02 0.0 6.480000e-01
2.190000e-01 0.0 -7.490000e-01
-6.440000e-01 0.0 4.840000e-01
5.480000e-02 0.0 -1.830000e-01
-4.110000e-01 0.0 4.840000e-01
5.480000e-02 0.0 -7.850000e-01
3.560000e-01 0.0 1.140000e-01
-4.570000e-02 0.0 -7.490000e-01
-4.110000e-01 0.0 -4.840000e-01
7.530000e-01 0.0 8.220000e-02
-5.430000e-01 0.0 -1.510000e-01
3.200000e-01 0.0 9.130000e-01
1.550000e-01 0.0 4.840000e-01
3.200000e-01 0.0 6.480000e-01
3.880000e-01 0.0 -7.490000e-01
-4.430000e-01 0.0 -7.490000e-01
-4.570000e-02 0.0 9.500000e-01
1.230000e-01 0.0 9.130000e-01
-4.790000e-01 0.0 1.140000e-01
2.190000e-01 0.0 -1.510000e-01
-6.760000e-01 0.0 -4.840000e-01
-2.470000e-01 0.0 -4.840000e-01
-1.370000e-02 0.0 -1.510000e-01
3.880000e-01 0.0 1.140000e-01
-1.370000e-02 0.0 -7.490000e-01
-7.440000e-01 0.0 -1.830000e-01
-4.570000e-02 0.0 -1.510000e-01
-4.570000e-02 0.0 6.480000e-01
-1.100000e-01 0.0 -1.510000e-01
-2.100000e-01 0.0 -1.510000e-01
-4.110000e-01 0.0 6.160000e-01
-5.430000e-01 0.0 -4.520000e-01
8.680000e-02 0.0 9.130000e-01
7.530000e-01 0.0 -1.510000e-01
5.480000e-02 0.0 -4.520000e-01
4.570000e-01 0.0 4.470000e-01
3.560000e-01 0.0 -4.520000e-01
6.530000e-01 0.0 1.140000e-01
8.680000e-02 0.0 -4.840000e-01
8.540000e-01 0.0 -4.520000e-01
1.870000e-01 0.0 1.140000e-01
-2.790000e-01 0.0 4.840000e-01
4.570000e-01 0.0 4.840000e-01
-9.450000e-01 0.0 1.140000e-01
-2.470000e-01 0.0 9.130000e-01
-6.440000e-01 0.0 -1.510000e-01
8.860000e-01 0.0 -1.510000e-01
4.890000e-01 0.0 -1.510000e-01
9.540000e-01 0.0 -1.510000e-01
5.210000e-01 0.0 1.140000e-01
-3.790000e-01 0.0 1.140000e-01
1.230000e-01 0.0 9.500000e-01
2.560000e-01 0.0 -1.510000e-01
4.200000e-01 0.0 -1.510000e-01
-6.440000e-01 0.0 1.140000e-01
1.550000e-01 0.0 9.500000e-01
-9.450000e-01 0.0 -1.510000e-01
-6.120000e-01 0.0 -7.490000e-01
7.530000e-01 0.0 -4.520000e-01
3.200000e-01 0.0 -7.490000e-01
-4.570000e-02 0.0 4.840000e-01
4.570000e-01 0.0 -7.490000e-01
-1.780000e-01 0.0 6.800000e-01
5.480000e-02 0.0 9.500000e-01
1.870000e-01 0.0 -1.510000e-01
-8.450000e-01 0.0 -1.830000e-01
3.200000e-01 0.0 1.140000e-01
8.680000e-02 0.0 -7.490000e-01
-7.120000e-01 0.0 1.140000e-01
-1.460000e-01 0.0 9.500000e-01
5.530000e-01 0.0 1.140000e-01
6.210000e-01 0.0 -1.510000e-01
1.550000e-01 0.0 -1.510000e-01
6.530000e-01 0.0 -4.520000e-01
-2.100000e-01 0.0 8.170000e-01
8.860000e-01 0.0 1.140000e-01
-2.790000e-01 0.0 -7.490000e-01
2.190000e-01 0.0 9.500000e-01
-1.100000e-01 0.0 1.140000e-01
4.200000e-01 0.0 -4.520000e-01
-7.760000e-02 0.0 -1.510000e-01
-3.790000e-01 0.0 -1.830000e-01
-5.110000e-01 0.0 8.220000e-02
-2.100000e-01 0.0 9.130000e-01
7.210000e-01 0.0 -1.510000e-01
8.680000e-02 0.0 9.500000e-01
-3.470000e-01 0.0 9.130000e-01
8.680000e-02 0.0 -1.510000e-01
3.880000e-01 0.0 6.480000e-01
-1.370000e-02 0.0 -4.520000e-01
3.200000e-01 0.0 -4.520000e-01
-4.570000e-02 0.0 1.140000e-01
4.890000e-01 0.0 -4.520000e-01
-7.760000e-02 0.0 4.840000e-01
-5.430000e-01 0.0 -7.490000e-01
-1.100000e-01 0.0 -4.520000e-01
5.890000e-01 0.0 -1.510000e-01
8.680000e-02 0.0 -4.520000e-01
2.880000e-01 0.0 9.500000e-01
-5.800000e-01 0.0 1.140000e-01
6.890000e-01 0.0 -5.160000e-01
-1.370000e-02 0.0 1.140000e-01
8.680000e-02 0.0 1.140000e-01
-5.430000e-01 0.0 1.140000e-01
4.200000e-01 0.0 1.140000e-01
-8.130000e-01 0.0 -4.840000e-01
-4.790000e-01 0.0 -7.490000e-01
-7.440000e-01 0.0 6.480000e-01
-5.110000e-01 0.0 -7.490000e-01
-3.470000e-01 0.0 -7.490000e-01
-1.460000e-01 0.0 4.840000e-01
-8.770000e-01 0.0 -1.510000e-01
2.560000e-01 0.0 -1.830000e-01
-5.800000e-01 0.0 2.830000e-01
-3.420000e-01 0.0 -4.520000e-01
-1.460000e-01 0.0 -7.490000e-01
-1.370000e-02 0.0 9.500000e-01
-1.100000e-01 0.0 -7.490000e-01
-7.760000e-01 0.0 1.140000e-01
6.890000e-01 0.0 6.800000e-01
-7.760000e-02 0.0 -4.520000e-01
-7.120000e-01 0.0 -1.510000e-01
2.190000e-01 0.0 6.800000e-01
-4.430000e-01 0.0 8.810000e-01
4.570000e-01 0.0 1.140000e-01
8.220000e-01 0.0 1.140000e-01
7.530000e-01 0.0 6.480000e-01
3.200000e-01 0.0 6.800000e-01
5.210000e-01 0.0 -4.520000e-01
-6.120000e-01 0.0 1.140000e-01
-2.470000e-01 0.0 9.500000e-01
1.870000e-01 0.0 6.480000e-01
-3.790000e-01 0.0 -1.510000e-01
-8.450000e-01 0.0 1.140000e-01
5.210000e-01 0.0 8.490000e-01
6.530000e-01 0.0 -7.490000e-01
-4.790000e-01 0.0 -2.190000e-01
9.860000e-01 0.0 8.220000e-02
3.560000e-01 0.0 6.800000e-01
1.870000e-01 0.0 6.800000e-01
-1.460000e-01 0.0 5.800000e-01
1.230000e-01 0.0 1.140000e-01
-7.120000e-01 0.0 -4.520000e-01
2.280000e-02 0.0 1.140000e-01
-1.460000e-01 0.0 -4.520000e-01
6.890000e-01 0.0 4.840000e-01
2.190000e-01 0.0 -4.520000e-01
6.890000e-01 0.0 1.140000e-01
-2.100000e-01 0.0 -7.490000e-01
1.870000e-01 0.0 -7.490000e-01
-1.460000e-01 0.0 6.800000e-01
7.210000e-01 0.0 6.800000e-01
-6.440000e-01 0.0 6.800000e-01
7.850000e-01 0.0 -4.520000e-01
-3.110000e-01 0.0 6.800000e-01
6.530000e-01 0.0 -1.510000e-01
-5.110000e-01 0.0 1.140000e-01
1.550000e-01 0.0 1.140000e-01
-6.760000e-01 0.0 -1.510000e-01
1.550000e-01 0.0 6.800000e-01
-7.120000e-01 0.0 6.800000e-01
5.530000e-01 0.0 -1.510000e-01
-1.100000e-01 0.0 9.500000e-01
-5.800000e-01 0.0 -1.510000e-01
1.230000e-01 0.0 -4.520000e-01
-1.780000e-01 0.0 -7.490000e-01
5.530000e-01 0.0 6.800000e-01
-8.130000e-01 0.0 -1.510000e-01
2.560000e-01 0.0 1.140000e-01
-3.110000e-01 0.0 1.140000e-01
8.540000e-01 0.0 -1.510000e-01
-6.120000e-01 0.0 -4.520000e-01
2.560000e-01 0.0 -4.520000e-01
-8.130000e-01 0.0 -4.520000e-01
3.880000e-01 0.0 -4.520000e-01
-5.800000e-01 0.0 -4.520000e-01
-5.110000e-01 0.0 -4.520000e-01
4.570000e-01 0.0 -1.510000e-01
-4.110000e-01 0.0 -4.520000e-01
9.860000e-01 0.0 -1.510000e-01
-1.370000e-02 0.0 6.800000e-01
2.880000e-01 0.0 1.140000e-01
8.220000e-01 0.0 -4.520000e-01
-5.430000e-01 0.0 6.800000e-01
3.880000e-01 0.0 6.800000e-01
5.480000e-02 0.0 6.800000e-01
-6.440000e-01 0.0 -4.520000e-01
-4.430000e-01 0.0 6.800000e-01
4.570000e-01 0.0 -4.520000e-01
-2.100000e-01 0.0 1.140000e-01
-7.760000e-02 0.0 6.800000e-01
-6.120000e-01 0.0 6.800000e-01
-4.110000e-01 0.0 1.140000e-01
-4.570000e-02 0.0 -4.840000e-01
-2.470000e-01 0.0 -4.520000e-01
5.890000e-01 0.0 -7.170000e-01
-4.790000e-01 0.0 -1.510000e-01
-7.760000e-01 0.0 -1.510000e-01
-4.430000e-01 0.0 1.140000e-01
4.200000e-01 0.0 6.800000e-01
-2.470000e-01 0.0 6.800000e-01
-3.790000e-01 0.0 6.800000e-01
-6.760000e-01 0.0 1.140000e-01
7.850000e-01 0.0 -1.510000e-01
-2.790000e-01 0.0 6.800000e-01
1.230000e-01 0.0 6.800000e-01
-1.780000e-01 0.0 -1.510000e-01
-3.470000e-01 0.0 -1.510000e-01
1.550000e-01 0.0 -4.520000e-01
-8.450000e-01 0.0 -4.520000e-01
-7.760000e-01 0.0 -4.520000e-01
2.880000e-01 0.0 -7.170000e-01
-1.460000e-01 0.0 -1.510000e-01
-6.120000e-01 0.0 -5.160000e-01
-2.790000e-01 0.0 -4.520000e-01
2.280000e-02 0.0 -7.170000e-01
7.530000e-01 0.0 1.140000e-01
-4.430000e-01 0.0 -4.520000e-01
7.210000e-01 0.0 -4.520000e-01
-4.110000e-01 0.0 6.800000e-01
5.890000e-01 0.0 1.140000e-01
6.210000e-01 0.0 -7.170000e-01
3.880000e-01 0.0 -7.170000e-01
3.200000e-01 0.0 -1.510000e-01
-3.470000e-01 0.0 6.800000e-01
4.570000e-01 0.0 6.800000e-01
3.200000e-01 0.0 -7.170000e-01
6.210000e-01 0.0 6.800000e-01
5.210000e-01 0.0 -7.170000e-01
2.880000e-01 0.0 -4.520000e-01
5.530000e-01 0.0 -4.520000e-01
1.870000e-01 0.0 -4.520000e-01
2.190000e-01 0.0 6.480000e-01
-4.570000e-02 0.0 -7.170000e-01
-4.570000e-02 0.0 -4.520000e-01
6.530000e-01 0.0 6.800000e-01
-9.090000e-01 0.0 1.140000e-01
-1.100000e-01 0.0 -1.830000e-01
-8.770000e-01 0.0 8.220000e-02
-5.800000e-01 0.0 -7.170000e-01
-2.790000e-01 0.0 -7.170000e-01
-3.790000e-01 0.0 -7.170000e-01
7.530000e-01 0.0 -1.190000e-01
7.210000e-01 0.0 1.140000e-01
-4.790000e-01 0.0 6.800000e-01
5.890000e-01 0.0 -4.520000e-01
-5.110000e-01 0.0 -7.170000e-01
6.530000e-01 0.0 -7.170000e-01
-4.430000e-01 0.0 -7.170000e-01
2.280000e-02 0.0 6.800000e-01
-2.100000e-01 0.0 4.840000e-01
-1.460000e-01 0.0 1.140000e-01
-1.100000e-01 0.0 9.820000e-01
-1.780000e-01 0.0 -7.170000e-01
9.220000e-01 0.0 1.830000e-01
3.560000e-01 0.0 -7.170000e-01
-8.130000e-01 0.0 1.140000e-01
-3.790000e-01 0.0 -4.520000e-01
-1.780000e-01 0.0 9.500000e-01
-8.770000e-01 0.0 1.140000e-01
4.890000e-01 0.0 6.800000e-01
-4.570000e-02 0.0 -1.190000e-01
-6.760000e-01 0.0 6.800000e-01
6.890000e-01 0.0 -7.170000e-01
-2.100000e-01 0.0 6.800000e-01
-7.440000e-01 0.0 -4.520000e-01
-4.790000e-01 0.0 -7.170000e-01
-4.430000e-01 0.0 4.840000e-01
5.890000e-01 0.0 6.800000e-01
8.680000e-02 0.0 -7.170000e-01
-6.760000e-01 0.0 -8.220000e-02
2.280000e-02 0.0 1.830000e-01
1.550000e-01 0.0 -7.170000e-01
-7.760000e-02 0.0 -7.170000e-01
6.890000e-01 0.0 8.220000e-02
3.560000e-01 0.0 -7.490000e-01
-8.450000e-01 0.0 -1.510000e-01
-4.570000e-02 0.0 6.800000e-01
5.530000e-01 0.0 1.830000e-01
-6.440000e-01 0.0 -8.220000e-02
5.210000e-01 0.0 -1.510000e-01
-2.100000e-01 0.0 -7.170000e-01
6.530000e-01 0.0 -3.840000e-01
-1.460000e-01 0.0 -1.190000e-01
1.230000e-01 0.0 9.820000e-01
5.480000e-02 0.0 -1.510000e-01
2.190000e-01 0.0 -7.170000e-01
-1.370000e-02 0.0 -7.170000e-01
2.240000e-01 0.0 4.840000e-01
-6.120000e-01 0.0 -8.220000e-02
-6.760000e-01 0.0 -4.520000e-01
-6.120000e-01 0.0 4.840000e-01
7.850000e-01 0.0 -1.190000e-01
-1.100000e-01 0.0 -7.170000e-01
2.880000e-01 0.0 -3.840000e-01
5.530000e-01 0.0 -7.170000e-01
6.890000e-01 0.0 -1.510000e-01
1.230000e-01 0.0 -7.170000e-01
1.550000e-01 0.0 1.510000e-01
8.540000e-01 0.0 1.510000e-01
9.540000e-01 0.0 1.510000e-01
2.880000e-01 0.0 6.800000e-01
-7.760000e-01 0.0 -1.190000e-01
-5.800000e-01 0.0 -8.220000e-02
8.540000e-01 0.0 -1.190000e-01
-1.100000e-01 0.0 1.510000e-01
-6.760000e-01 0.0 -7.170000e-01
6.890000e-01 0.0 -4.520000e-01
-2.790000e-01 0.0 1.140000e-01
-5.430000e-01 0.0 -8.220000e-02
-1.460000e-01 0.0 1.510000e-01
4.200000e-01 0.0 1.510000e-01
5.210000e-01 0.0 4.840000e-01
5.890000e-01 0.0 7.490000e-01
5.480000e-02 0.0 1.140000e-01
8.680000e-02 0.0 1.830000e-01
3.880000e-01 0.0 1.510000e-01
-5.110000e-01 0.0 -8.220000e-02
4.200000e-01 0.0 7.490000e-01
-2.470000e-01 0.0 -7.490000e-01
2.880000e-01 0.0 7.490000e-01
-4.790000e-01 0.0 -4.520000e-01
-6.120000e-01 0.0 -7.170000e-01
-5.430000e-01 0.0 1.510000e-01
-3.470000e-01 0.0 -7.170000e-01
-2.470000e-01 0.0 -7.170000e-01
-7.120000e-01 0.0 1.510000e-01
5.480000e-02 0.0 9.820000e-01
4.570000e-01 0.0 -1.190000e-01
-4.790000e-01 0.0 -8.220000e-02
4.890000e-01 0.0 -7.170000e-01
6.530000e-01 0.0 6.160000e-01
-4.790000e-01 0.0 -1.190000e-01
-9.090000e-01 0.0 1.510000e-01
-1.370000e-02 0.0 1.510000e-01
2.560000e-01 0.0 -3.840000e-01
-3.110000e-01 0.0 -7.170000e-01
5.530000e-01 0.0 -1.190000e-01
1.550000e-01 0.0 -1.190000e-01
-3.110000e-01 0.0 1.510000e-01
-4.430000e-01 0.0 -8.220000e-02
-8.450000e-01 0.0 1.510000e-01
-2.100000e-01 0.0 -4.520000e-01
-2.790000e-01 0.0 -3.840000e-01
6.210000e-01 0.0 -7.490000e-01
-8.450000e-01 0.0 -1.190000e-01
4.890000e-01 0.0 1.510000e-01
6.210000e-01 0.0 -4.520000e-01
-3.420000e-01 0.0 1.140000e-01
7.210000e-01 0.0 -4.160000e-01
2.280000e-02 0.0 -4.520000e-01
-4.110000e-01 0.0 -8.220000e-02
2.280000e-02 0.0 1.510000e-01
-3.790000e-01 0.0 -1.190000e-01
5.480000e-02 0.0 -4.160000e-01
-2.470000e-01 0.0 1.510000e-01
-5.800000e-01 0.0 -3.840000e-01
-7.760000e-02 0.0 -4.160000e-01
-1.460000e-01 0.0 -3.840000e-01
1.230000e-01 0.0 7.490000e-01
1.870000e-01 0.0 9.500000e-01
4.200000e-01 0.0 -1.190000e-01
2.880000e-01 0.0 1.510000e-01
-6.760000e-01 0.0 -1.190000e-01
-3.790000e-01 0.0 -8.220000e-02
-1.100000e-01 0.0 -1.190000e-01
-3.110000e-01 0.0 7.490000e-01
-4.110000e-01 0.0 -4.160000e-01
-1.100000e-01 0.0 6.800000e-01
-2.790000e-01 0.0 -1.830000e-01
-4.110000e-01 0.0 -7.170000e-01
-4.570000e-02 0.0 7.490000e-01
6.210000e-01 0.0 1.510000e-01
5.530000e-01 0.0 -4.160000e-01
-3.420000e-01 0.0 -8.220000e-02
3.560000e-01 0.0 1.510000e-01
-6.120000e-01 0.0 -4.160000e-01
-2.470000e-01 0.0 -1.510000e-01
5.210000e-01 0.0 6.800000e-01
8.540000e-01 0.0 -4.160000e-01
-8.770000e-01 0.0 -1.190000e-01
-7.120000e-01 0.0 -1.190000e-01
9.860000e-01 0.0 1.510000e-01
-2.790000e-01 0.0 9.500000e-01
-3.110000e-01 0.0 -8.220000e-02
-5.800000e-01 0.0 -4.160000e-01
1.870000e-01 0.0 7.170000e-01
4.570000e-01 0.0 -7.170000e-01
-8.130000e-01 0.0 -4.160000e-01
2.560000e-01 0.0 -1.190000e-01
7.210000e-01 0.0 1.510000e-01
2.560000e-01 0.0 1.510000e-01
-8.130000e-01 0.0 -1.190000e-01
-2.100000e-01 0.0 7.490000e-01
-2.790000e-01 0.0 -8.220000e-02
5.480000e-02 0.0 -1.190000e-01
-2.100000e-01 0.0 1.510000e-01
-1.460000e-01 0.0 7.170000e-01
9.860000e-01 0.0 1.140000e-01
-4.570000e-02 0.0 9.820000e-01
7.210000e-01 0.0 -1.190000e-01
-6.120000e-01 0.0 1.510000e-01
-3.420000e-01 0.0 1.510000e-01
-4.430000e-01 0.0 -4.160000e-01
-2.470000e-01 0.0 -8.220000e-02
8.220000e-01 0.0 1.510000e-01
1.870000e-01 0.0 -4.160000e-01
-4.430000e-01 0.0 7.170000e-01
-5.110000e-01 0.0 7.170000e-01
6.530000e-01 0.0 -1.190000e-01
5.210000e-01 0.0 1.510000e-01
-4.570000e-02 0.0 -1.830000e-01
-9.450000e-01 0.0 -1.190000e-01
2.880000e-01 0.0 7.170000e-01
-2.100000e-01 0.0 -8.220000e-02
-6.440000e-01 0.0 -7.170000e-01
5.210000e-01 0.0 -1.190000e-01
9.220000e-01 0.0 1.510000e-01
4.570000e-01 0.0 1.510000e-01
-7.760000e-02 0.0 7.170000e-01
-3.110000e-01 0.0 -4.520000e-01
-4.430000e-01 0.0 1.510000e-01
-5.110000e-01 0.0 -4.160000e-01
-1.780000e-01 0.0 -8.220000e-02
3.200000e-01 0.0 -4.160000e-01
2.560000e-01 0.0 -4.160000e-01
-1.370000e-02 0.0 -1.190000e-01
4.200000e-01 0.0 7.170000e-01
-6.760000e-01 0.0 1.510000e-01
7.850000e-01 0.0 -4.160000e-01
2.560000e-01 0.0 -7.170000e-01
8.680000e-02 0.0 1.510000e-01
5.480000e-02 0.0 -9.820000e-01
-2.790000e-01 0.0 -1.190000e-01
-1.780000e-01 0.0 1.510000e-01
8.680000e-02 0.0 9.820000e-01
6.530000e-01 0.0 1.510000e-01
-7.760000e-02 0.0 1.140000e-01
8.220000e-01 0.0 -1.190000e-01
5.210000e-01 0.0 7.170000e-01
-9.770000e-01 0.0 1.510000e-01
7.850000e-01 0.0 1.510000e-01
6.210000e-01 0.0 7.170000e-01
5.210000e-01 0.0 -4.160000e-01
-1.100000e-01 0.0 -8.220000e-02
-4.570000e-02 0.0 1.510000e-01
-2.100000e-01 0.0 9.500000e-01
-8.130000e-01 0.0 1.510000e-01
4.200000e-01 0.0 -7.170000e-01
-3.420000e-01 0.0 -1.190000e-01
-2.100000e-01 0.0 -4.160000e-01
-8.770000e-01 0.0 1.510000e-01
-2.790000e-01 0.0 7.170000e-01
-3.790000e-01 0.0 -4.160000e-01
-7.760000e-02 0.0 -8.220000e-02
-5.430000e-01 0.0 -4.160000e-01
8.680000e-02 0.0 -4.160000e-01
4.890000e-01 0.0 7.170000e-01
5.480000e-02 0.0 7.170000e-01
6.210000e-01 0.0 -4.160000e-01
-3.110000e-01 0.0 7.170000e-01
4.570000e-01 0.0 -4.160000e-01
-3.470000e-01 0.0 -4.160000e-01
-1.780000e-01 0.0 -1.190000e-01
3.880000e-01 0.0 7.170000e-01
3.560000e-01 0.0 -4.160000e-01
-7.760000e-02 0.0 -1.190000e-01
-8.450000e-01 0.0 -4.160000e-01
-7.760000e-02 0.0 -9.820000e-01
-2.470000e-01 0.0 -1.190000e-01
-7.760000e-01 0.0 1.510000e-01
8.680000e-02 0.0 -1.190000e-01
6.530000e-01 0.0 -4.160000e-01
9.540000e-01 0.0 -1.190000e-01
-5.430000e-01 0.0 7.170000e-01
-1.370000e-02 0.0 -8.220000e-02
-1.100000e-01 0.0 -4.160000e-01
-6.120000e-01 0.0 7.170000e-01
-3.110000e-01 0.0 -1.190000e-01
2.280000e-02 0.0 9.820000e-01
-1.460000e-01 0.0 -7.170000e-01
7.530000e-01 0.0 1.510000e-01
-4.110000e-01 0.0 -1.190000e-01
-7.440000e-01 0.0 -1.190000e-01
-4.110000e-01 0.0 7.170000e-01
2.280000e-02 0.0 -8.220000e-02
-5.430000e-01 0.0 -7.170000e-01
8.860000e-01 0.0 1.510000e-01
3.200000e-01 0.0 -1.190000e-01
3.880000e-01 0.0 -6.850000e-01
9.860000e-01 0.0 -1.190000e-01
6.890000e-01 0.0 7.170000e-01
-4.430000e-01 0.0 6.480000e-01
2.190000e-01 0.0 -1.190000e-01
-6.440000e-01 0.0 -1.190000e-01
5.480000e-02 0.0 -8.220000e-02
1.550000e-01 0.0 7.170000e-01
5.890000e-01 0.0 7.170000e-01
4.570000e-01 0.0 7.170000e-01
-6.760000e-01 0.0 -4.160000e-01
-9.450000e-01 0.0 1.510000e-01
-2.790000e-01 0.0 6.480000e-01
5.890000e-01 0.0 -1.190000e-01
-9.770000e-01 0.0 -1.190000e-01
-8.770000e-01 0.0 -4.520000e-01
2.190000e-01 0.0 7.170000e-01
8.680000e-02 0.0 -8.220000e-02
7.530000e-01 0.0 -4.160000e-01
-1.780000e-01 0.0 -4.160000e-01
1.550000e-01 0.0 -4.160000e-01
-1.370000e-02 0.0 7.170000e-01
-4.790000e-01 0.0 7.170000e-01
-5.110000e-01 0.0 6.800000e-01
6.890000e-01 0.0 -1.190000e-01
2.190000e-01 0.0 1.510000e-01
2.280000e-02 0.0 -4.160000e-01
1.230000e-01 0.0 -8.220000e-02
-4.570000e-02 0.0 -4.160000e-01
8.680000e-02 0.0 7.170000e-01
4.890000e-01 0.0 -1.190000e-01
-7.760000e-01 0.0 -4.160000e-01
2.560000e-01 0.0 7.170000e-01
-1.370000e-02 0.0 -4.160000e-01
6.530000e-01 0.0 -6.850000e-01
1.230000e-01 0.0 1.510000e-01
-6.760000e-01 0.0 7.170000e-01
-7.440000e-01 0.0 -1.510000e-01
-5.800000e-01 0.0 1.510000e-01
-6.440000e-01 0.0 7.170000e-01
-1.100000e-01 0.0 7.170000e-01
-1.460000e-01 0.0 -4.160000e-01
1.870000e-01 0.0 1.510000e-01
5.890000e-01 0.0 -6.850000e-01
-4.790000e-01 0.0 -4.160000e-01
8.680000e-02 0.0 6.800000e-01
4.890000e-01 0.0 -4.160000e-01
1.550000e-01 0.0 -8.220000e-02
6.890000e-01 0.0 -6.850000e-01
-2.790000e-01 0.0 1.510000e-01
5.480000e-02 0.0 -6.850000e-01
3.200000e-01 0.0 1.510000e-01
1.230000e-01 0.0 -1.190000e-01
-7.440000e-01 0.0 -4.160000e-01
2.190000e-01 0.0 -8.220000e-02
2.280000e-02 0.0 -6.850000e-01
1.870000e-01 0.0 -7.170000e-01
-2.100000e-01 0.0 -6.850000e-01
-3.110000e-01 0.0 -6.850000e-01
1.550000e-01 0.0 -6.850000e-01
-4.430000e-01 0.0 -6.850000e-01
2.880000e-01 0.0 -4.160000e-01
2.560000e-01 0.0 -8.220000e-02
2.880000e-01 0.0 -6.850000e-01
-3.420000e-01 0.0 -6.850000e-01
-7.760000e-02 0.0 1.510000e-01
6.210000e-01 0.0 -1.190000e-01
-2.100000e-01 0.0 7.170000e-01
5.530000e-01 0.0 7.170000e-01
2.880000e-01 0.0 -8.220000e-02
-7.760000e-02 0.0 -6.850000e-01
1.230000e-01 0.0 -4.160000e-01
3.560000e-01 0.0 -6.850000e-01
-5.110000e-01 0.0 1.510000e-01
3.200000e-01 0.0 -8.220000e-02
-4.570000e-02 0.0 -9.820000e-01
7.210000e-01 0.0 1.830000e-01
4.890000e-01 0.0 -6.850000e-01
-5.430000e-01 0.0 -6.850000e-01
6.890000e-01 0.0 1.510000e-01
-3.110000e-01 0.0 4.840000e-01
-7.440000e-01 0.0 1.510000e-01
3.560000e-01 0.0 -8.220000e-02
2.880000e-01 0.0 1.830000e-01
6.530000e-01 0.0 7.170000e-01
6.210000e-01 0.0 1.830000e-01
-3.790000e-01 0.0 7.170000e-01
4.890000e-01 0.0 1.830000e-01
-2.470000e-01 0.0 7.170000e-01
-3.790000e-01 0.0 1.510000e-01
3.880000e-01 0.0 -8.220000e-02
-2.790000e-01 0.0 1.830000e-01
1.230000e-01 0.0 -6.850000e-01
-3.790000e-01 0.0 -6.850000e-01
-1.780000e-01 0.0 7.170000e-01
-5.430000e-01 0.0 -1.190000e-01
4.200000e-01 0.0 -4.160000e-01
3.200000e-01 0.0 1.830000e-01
4.200000e-01 0.0 -8.220000e-02
-7.440000e-01 0.0 -8.220000e-02
8.860000e-01 0.0 -4.160000e-01
-1.780000e-01 0.0 -6.850000e-01
-5.110000e-01 0.0 -1.190000e-01
4.570000e-01 0.0 -8.220000e-02
-9.770000e-01 0.0 -1.510000e-01
9.540000e-01 0.0 1.830000e-01
-4.430000e-01 0.0 -1.190000e-01
-4.110000e-01 0.0 -6.850000e-01
6.210000e-01 0.0 -8.220000e-02
4.890000e-01 0.0 -8.220000e-02
-2.470000e-01 0.0 -6.850000e-01
6.890000e-01 0.0 1.830000e-01
-5.110000e-01 0.0 -6.850000e-01
8.860000e-01 0.0 -1.190000e-01
8.220000e-01 0.0 -4.160000e-01
-5.800000e-01 0.0 6.800000e-01
-2.790000e-01 0.0 -4.160000e-01
8.220000e-01 0.0 1.830000e-01
4.200000e-01 0.0 -6.850000e-01
3.880000e-01 0.0 -1.190000e-01
4.570000e-01 0.0 1.830000e-01
9.220000e-01 0.0 -1.190000e-01
3.560000e-01 0.0 1.830000e-01
8.860000e-01 0.0 1.830000e-01
-7.760000e-01 0.0 1.830000e-01
-5.800000e-01 0.0 -6.850000e-01
5.530000e-01 0.0 -8.220000e-02
-1.100000e-01 0.0 -9.500000e-01
6.210000e-01 0.0 -6.850000e-01
-8.770000e-01 0.0 -4.160000e-01
7.530000e-01 0.0 1.830000e-01
2.280000e-02 0.0 -1.190000e-01
5.890000e-01 0.0 -8.220000e-02
-2.790000e-01 0.0 -9.500000e-01
1.550000e-01 0.0 1.830000e-01
-4.570000e-02 0.0 -6.850000e-01
-8.770000e-01 0.0 1.830000e-01
8.540000e-01 0.0 -8.220000e-02
2.190000e-01 0.0 -4.160000e-01
-2.100000e-01 0.0 -9.500000e-01
9.540000e-01 0.0 -8.220000e-02
3.200000e-01 0.0 -3.840000e-01
-4.430000e-01 0.0 1.830000e-01
-2.470000e-01 0.0 -4.160000e-01
-9.090000e-01 0.0 -1.190000e-01
6.530000e-01 0.0 -8.220000e-02
4.570000e-01 0.0 -6.850000e-01
5.480000e-02 0.0 -3.840000e-01
6.210000e-01 0.0 -3.840000e-01
5.210000e-01 0.0 1.830000e-01
-4.790000e-01 0.0 1.830000e-01
-3.790000e-01 0.0 1.830000e-01
6.890000e-01 0.0 -8.220000e-02
1.550000e-01 0.0 7.490000e-01
2.280000e-02 0.0 7.170000e-01
3.560000e-01 0.0 7.170000e-01
-3.110000e-01 0.0 -4.160000e-01
7.210000e-01 0.0 -8.220000e-02
6.890000e-01 0.0 -4.160000e-01
-7.760000e-02 0.0 7.490000e-01
-4.790000e-01 0.0 -3.840000e-01
1.870000e-01 0.0 -1.190000e-01
-1.780000e-01 0.0 1.830000e-01
-5.800000e-01 0.0 -1.190000e-01
-6.440000e-01 0.0 -3.840000e-01
7.530000e-01 0.0 -8.220000e-02
-9.090000e-01 0.0 -8.220000e-02
-4.110000e-01 0.0 7.490000e-01
-8.130000e-01 0.0 -3.840000e-01
-1.460000e-01 0.0 -9.820000e-01
-5.110000e-01 0.0 7.490000e-01
-1.100000e-01 0.0 1.830000e-01
-2.470000e-01 0.0 -9.500000e-01
7.850000e-01 0.0 -8.220000e-02
-9.770000e-01 0.0 1.140000e-01
2.560000e-01 0.0 -9.500000e-01
-3.470000e-01 0.0 7.170000e-01
5.530000e-01 0.0 -6.850000e-01
3.200000e-01 0.0 -6.850000e-01
8.220000e-01 0.0 -8.220000e-02
8.680000e-02 0.0 -9.500000e-01
8.220000e-01 0.0 -3.840000e-01
-1.460000e-01 0.0 -6.850000e-01
2.280000e-02 0.0 -9.500000e-01
5.480000e-02 0.0 1.510000e-01
-6.440000e-01 0.0 1.830000e-01
2.560000e-01 0.0 6.800000e-01
5.480000e-02 0.0 -9.500000e-01
-6.440000e-01 0.0 -4.160000e-01
6.890000e-01 0.0 -3.840000e-01
8.680000e-02 0.0 -9.820000e-01
-3.110000e-01 0.0 -3.840000e-01
-7.440000e-01 0.0 1.830000e-01
1.230000e-01 0.0 7.170000e-01
8.860000e-01 0.0 -8.220000e-02
4.570000e-01 0.0 -3.840000e-01
3.560000e-01 0.0 -3.840000e-01
3.880000e-01 0.0 -4.160000e-01
-1.370000e-02 0.0 1.830000e-01
2.560000e-01 0.0 7.490000e-01
-6.120000e-01 0.0 -1.190000e-01
9.220000e-01 0.0 -8.220000e-02
2.190000e-01 0.0 -3.840000e-01
-7.120000e-01 0.0 1.830000e-01
2.880000e-01 0.0 -1.190000e-01
5.210000e-01 0.0 -6.850000e-01
1.230000e-01 0.0 -9.500000e-01
-5.430000e-01 0.0 1.830000e-01
1.230000e-01 0.0 -3.840000e-01
-6.760000e-01 0.0 -6.850000e-01
5.210000e-01 0.0 7.490000e-01
5.890000e-01 0.0 -6.480000e-01
1.230000e-01 0.0 1.830000e-01
4.570000e-01 0.0 -6.480000e-01
-4.790000e-01 0.0 -6.850000e-01
5.890000e-01 0.0 1.510000e-01
7.530000e-01 0.0 -3.840000e-01
-7.120000e-01 0.0 -4.160000e-01
-6.440000e-01 0.0 -6.850000e-01
-1.460000e-01 0.0 1.830000e-01
-9.450000e-01 0.0 1.830000e-01
5.480000e-02 0.0 -7.170000e-01
-4.570000e-02 0.0 7.170000e-01
-5.110000e-01 0.0 -3.840000e-01
-9.450000e-01 0.0 -8.220000e-02
-4.570000e-02 0.0 1.830000e-01
5.890000e-01 0.0 -3.840000e-01
4.570000e-01 0.0 7.490000e-01
7.850000e-01 0.0 1.830000e-01
5.480000e-02 0.0 7.490000e-01
-4.570000e-02 0.0 -9.500000e-01
6.530000e-01 0.0 1.830000e-01
-2.790000e-01 0.0 -6.850000e-01
1.870000e-01 0.0 -9.500000e-01
8.680000e-02 0.0 7.490000e-01
-5.800000e-01 0.0 1.830000e-01
-2.470000e-01 0.0 1.830000e-01
2.190000e-01 0.0 7.490000e-01
-2.100000e-01 0.0 -1.190000e-01
3.200000e-01 0.0 7.170000e-01
-7.760000e-01 0.0 -3.840000e-01
-7.120000e-01 0.0 -3.840000e-01
5.480000e-02 0.0 -6.480000e-01
-6.440000e-01 0.0 -6.480000e-01
8.540000e-01 0.0 1.830000e-01
6.530000e-01 0.0 7.490000e-01
2.280000e-02 0.0 7.490000e-01
-3.470000e-01 0.0 -3.840000e-01
-4.110000e-01 0.0 1.510000e-01
-5.110000e-01 0.0 -6.480000e-01
6.210000e-01 0.0 -6.480000e-01
-4.110000e-01 0.0 -3.840000e-01
-4.790000e-01 0.0 1.510000e-01
-6.760000e-01 0.0 -3.840000e-01
5.480000e-02 0.0 1.830000e-01
8.680000e-02 0.0 -6.850000e-01
-3.790000e-01 0.0 7.490000e-01
-7.760000e-02 0.0 -3.840000e-01
-2.470000e-01 0.0 -3.840000e-01
2.280000e-02 0.0 -3.840000e-01
-5.110000e-01 0.0 1.830000e-01
1.870000e-01 0.0 1.830000e-01
-2.100000e-01 0.0 -3.840000e-01
-3.110000e-01 0.0 1.830000e-01
-9.090000e-01 0.0 1.830000e-01
8.680000e-02 0.0 -3.840000e-01
-6.120000e-01 0.0 1.830000e-01
1.870000e-01 0.0 -6.850000e-01
-9.770000e-01 0.0 -8.220000e-02
-1.780000e-01 0.0 -3.840000e-01
-2.790000e-01 0.0 -6.480000e-01
-4.430000e-01 0.0 -3.840000e-01
-2.100000e-01 0.0 -6.480000e-01
-6.120000e-01 0.0 7.490000e-01
5.530000e-01 0.0 7.490000e-01
-7.760000e-02 0.0 -6.480000e-01
-1.460000e-01 0.0 7.490000e-01
2.190000e-01 0.0 -6.850000e-01
2.280000e-02 0.0 -6.480000e-01
1.550000e-01 0.0 -9.820000e-01
-3.110000e-01 0.0 -6.480000e-01
-8.450000e-01 0.0 -3.840000e-01
-7.760000e-02 0.0 -9.500000e-01
-6.120000e-01 0.0 -3.840000e-01
-4.430000e-01 0.0 7.490000e-01
-2.470000e-01 0.0 -6.480000e-01
2.190000e-01 0.0 -9.500000e-01
1.550000e-01 0.0 -6.480000e-01
5.210000e-01 0.0 -6.480000e-01
-3.420000e-01 0.0 -6.480000e-01
-3.470000e-01 0.0 1.830000e-01
-8.450000e-01 0.0 1.830000e-01
-7.440000e-01 0.0 -3.840000e-01
6.890000e-01 0.0 -6.480000e-01
-1.370000e-02 0.0 7.490000e-01
-8.770000e-01 0.0 -8.220000e-02
-7.120000e-01 0.0 -6.480000e-01
7.210000e-01 0.0 -6.480000e-01
-8.130000e-01 0.0 1.830000e-01
-4.110000e-01 0.0 -6.480000e-01
3.200000e-01 0.0 -6.480000e-01
-2.470000e-01 0.0 7.490000e-01
-5.800000e-01 0.0 7.490000e-01
-8.450000e-01 0.0 -8.220000e-02
5.890000e-01 0.0 1.830000e-01
8.680000e-02 0.0 -6.480000e-01
6.210000e-01 0.0 7.490000e-01
-4.570000e-02 0.0 -6.480000e-01
5.210000e-01 0.0 -3.840000e-01
-4.570000e-02 0.0 -3.840000e-01
5.890000e-01 0.0 -4.160000e-01
-1.100000e-01 0.0 -9.820000e-01
-8.130000e-01 0.0 -8.220000e-02
-1.460000e-01 0.0 -6.480000e-01
-8.770000e-01 0.0 -3.840000e-01
-5.800000e-01 0.0 -6.480000e-01
-5.430000e-01 0.0 -3.840000e-01
-6.440000e-01 0.0 1.510000e-01
7.210000e-01 0.0 -6.850000e-01
4.890000e-01 0.0 7.490000e-01
-6.760000e-01 0.0 1.830000e-01
-7.760000e-01 0.0 -8.220000e-02
-4.790000e-01 0.0 7.490000e-01
-1.780000e-01 0.0 -9.500000e-01
8.860000e-01 0.0 -3.840000e-01
-1.370000e-02 0.0 -3.840000e-01
-7.440000e-01 0.0 -6.480000e-01
-5.430000e-01 0.0 7.490000e-01
-1.370000e-02 0.0 -6.850000e-01
1.870000e-01 0.0 -6.480000e-01
3.880000e-01 0.0 -6.480000e-01
3.560000e-01 0.0 7.490000e-01
7.850000e-01 0.0 -3.840000e-01
-7.120000e-01 0.0 4.840000e-01
4.200000e-01 0.0 -3.840000e-01
2.560000e-01 0.0 -6.480000e-01
4.200000e-01 0.0 1.830000e-01
5.530000e-01 0.0 1.510000e-01
1.550000e-01 0.0 -9.500000e-01
-7.120000e-01 0.0 -8.220000e-02
3.880000e-01 0.0 7.490000e-01
5.530000e-01 0.0 -3.840000e-01
2.880000e-01 0.0 -9.500000e-01
-3.790000e-01 0.0 4.840000e-01
2.560000e-01 0.0 1.830000e-01
1.870000e-01 0.0 7.490000e-01
-1.370000e-02 0.0 -6.480000e-01
-3.790000e-01 0.0 -6.480000e-01
-7.760000e-02 0.0 1.830000e-01
5.530000e-01 0.0 -6.480000e-01
-1.100000e-01 0.0 -6.850000e-01
3.560000e-01 0.0 -1.190000e-01
-1.460000e-01 0.0 -9.500000e-01
4.890000e-01 0.0 -3.840000e-01
-6.760000e-01 0.0 -6.480000e-01
1.550000e-01 0.0 -3.840000e-01
3.880000e-01 0.0 1.830000e-01
5.210000e-01 0.0 -8.220000e-02
1.870000e-01 0.0 -8.220000e-02
4.890000e-01 0.0 -6.480000e-01
4.200000e-01 0.0 -6.480000e-01
7.530000e-01 0.0 -6.480000e-01
1.230000e-01 0.0 -9.820000e-01
-1.780000e-01 0.0 -6.480000e-01
-4.110000e-01 0.0 1.830000e-01
-1.100000e-01 0.0 -6.480000e-01
-9.090000e-01 0.0 -3.840000e-01
-6.120000e-01 0.0 -6.480000e-01
-1.100000e-01 0.0 -3.840000e-01
2.880000e-01 0.0 -6.480000e-01
1.230000e-01 0.0 -6.480000e-01
7.210000e-01 0.0 -3.840000e-01
-2.100000e-01 0.0 1.830000e-01
6.530000e-01 0.0 -6.480000e-01
2.190000e-01 0.0 -6.480000e-01
8.540000e-01 0.0 -3.840000e-01
-3.470000e-01 0.0 7.490000e-01
3.200000e-01 0.0 7.490000e-01
-5.430000e-01 0.0 -6.480000e-01
-5.430000e-01 0.0 4.840000e-01
-2.790000e-01 0.0 7.490000e-01
3.560000e-01 0.0 -6.480000e-01
1.870000e-01 0.0 -3.840000e-01
-1.780000e-01 0.0 7.490000e-01
-4.790000e-01 0.0 -6.480000e-01
-1.370000e-02 0.0 -9.500000e-01
-4.430000e-01 0.0 -6.480000e-01
-1.460000e-01 0.0 9.820000e-01
9.220000e-01 0.0 -3.840000e-01
-1.100000e-01 0.0 7.490000e-01
1.550000e-01 0.0 9.820000e-01
-4.790000e-01 0.0 4.840000e-01
-6.440000e-01 0.0 7.490000e-01
-6.120000e-01 0.0 -6.850000e-01
-3.790000e-01 0.0 -3.840000e-01
9.860000e-01 0.0 -8.220000e-02
2.190000e-01 0.0 1.830000e-01
-5.800000e-01 0.0 7.170000e-01
3.880000e-01 0.0 -3.840000e-01
-5.800000e-01 0.0 4.840000e-01
-1.460000e-01 0.0 -8.220000e-02
2.560000e-01 0.0 -6.850000e-01
-1.370000e-02 0.0 9.820000e-01
2.280000e-02 0.0 -9.820000e-01
-7.120000e-01 0.0 -6.850000e-01
-1.370000e-02 0.0 -9.820000e-01
-7.760000e-02 0.0 9.820000e-01
-4.570000e-02 0.0 -8.220000e-02
8.860000e-01 0.0 -4.470000e-01
4.520000e-01 0.0 -8.810000e-01
